* 16. MMFF93SUP.PAR: This "supplementary parameters" file provides values for
*                   two out-of-plane and seventy-one torsion parameters in the 
*                   earlier MMFF93 version of the MMFF force field that differ 
*                   from those used in MMFF94.
*
*          Copyright (c) Merck and Co., Inc., 1994, 1995, 1996
*                         All Rights Reserved
*
* This supplementary-paramters file contains two out-of-plane bending
* parameters and 71 torsion parameters; it supplies values needed to
* reconstitute the earlier MMFF93 force field
*
    0    0    0    0    0    2    0   71
    1   10    1    3    -0.034    C93
    1   10    3   28    -0.030    C93
0   1    1    1    1   0.431   0.400   0.149   C93
5   1    1    1    1   0.159  -0.585   1.141   C93
0   1    1    1    5   0.440  -0.470   0.228   C93
0   1    1    1    6  -0.746   1.834   0.426   C93
5   1    1    1    6   0.346  -1.239   2.287   C93
0   3    1    1    5  -0.206   0.032   0.000   C93
0   3    1    1    6  -0.688   0.021   0.000   C93
0   5    1    1    5   0.210  -1.296   0.315   C93
0   5    1    1    6  -0.898   1.385   0.369   C93
0   5    1    1   10   0.000   0.000   0.417   C93
0   6    1    1    6   0.423   1.508   0.742   C93
5   6    1    1    6   0.398  -1.328   2.133   C93
0   1    1    3   10  -0.969   0.834   0.898   C93
0   5    1    3    7   0.660  -1.392   0.296   C93
0   5    1    3   10  -0.351   0.170   0.000   C93
0  10    1    3    7   0.158   2.228   1.089   C93
0  10    1    3   10   0.608   0.053   1.325   C93
0   1    1    6    1  -0.782   0.652   0.794   C93
5   1    1    6    1   0.105  -0.358   0.609   C93
0   1    1    6   21   0.000   0.235   0.252   C93
0   5    1    6    1   0.487   0.251   0.555   C93
0   5    1    6   21   0.639  -0.239   0.340   C93
0   6    1    6    1   0.358  -0.581   0.773   C93
5   6    1    6    1   0.000  -0.096   0.231   C93
0   1    1   10    3  -1.141   0.491   0.917   C93
0   1    1   10    6   0.000  -0.534   0.145   C93
0   1    1   10   28   0.047  -0.100   0.162   C93
0   3    1   10    3   3.187  -2.055   1.228   C93
0   3    1   10   28   0.288   0.000   0.000   C93
0   5    1   10    1   0.000   0.000   0.654   C93
0   5    1   10    3  -1.958   1.336  -0.101   C93
0   5    1   10    6   0.000   0.737   0.636   C93
0   5    1   10   28  -0.454   0.353   0.169   C93
0   1    2    2    1   0.000  12.000   0.000   C93
1   1    2    3   10   0.000   1.762  -0.543   C93
1   2    2    3   10   0.000   2.297   0.477   C93
1   5    2    3   10   0.000   0.662   0.261   C93
1   5    3    3    6   0.052   0.184   0.425   C93
0   2    3    9   27   0.120  16.000   0.120   C93
0   5    3    9   27   0.186  16.000  -0.135   C93
0  40    3    9    1  -0.565  18.127  -0.082   C93
0  40    3    9   27  -0.242  16.000   0.489   C93
0   1    3   10    1   0.655   5.280   0.391   C93
0   1    3   10    6  -0.983   8.730   1.080   C93
0   1    3   10   28  -0.299   5.644   2.307   C93
2   2    3   10   28  -0.213   7.108   0.272   C93
0   5    3   10    1  -0.229   7.274   1.760   C93
0   5    3   10    3  -1.580   3.512   1.425   C93
0   5    3   10   28   0.000   6.520   0.922   C93
0   7    3   10    1  -0.424   7.018  -0.774   C93
0   7    3   10    3   1.624   3.618  -1.349   C93
0   7    3   10    6   1.027   8.487  -0.281   C93
0   7    3   10   28   1.417   5.031  -0.289   C93
0  10    3   10   28   0.000   3.504   1.469   C93
0   9    3   40   28   1.440   4.254  -0.522   C93
0  40    3   40   28   0.180   2.985   0.894   C93
0   7    3   43   18  -0.949   5.082  -0.112   X93
0   7    3   43   28   0.653   5.280  -0.549   X93
2  37    3   43   18  -0.586   4.860   1.236   X93
2  37    3   43   28  -0.253   5.096   0.823   X93
0  21    6   10    1   1.360   0.584  -1.009   C93
0  21    6   10    3   1.058   0.387  -1.283   C93
0  32   18   37   37  -0.182  -0.935  -0.723   X93
0  43   18   37   37   0.239  -1.846  -0.436   X93
0   1   18   43    1  -0.914  -0.482   0.179   X93
0  32   18   43    1   1.635   1.544   1.373   X93
0  32   18   43   28   0.619   0.404   0.000   X93
0  32   18   43   37   1.026   1.560   1.257   X93
0  37   18   43    1  -1.181  -0.767   1.025   X93
0  37   18   43   28  -2.163  -1.773  -2.043   X93
0  37   18   43   37  -1.858  -0.388   1.434   X93
