CA phi ssp1
-0.0781053867102
0.0509397222222;-0.176021;-0.109234882353
N/A
C;H;B
-560.0;-160.0;-360.0;-360.0;-360.0;-360.0;-360.0;-360.0;-360.0;-360.0;-360.0;-360.0;-360.0;-360.0;-360.0;-360.0;-360.0;-360.0;-360.0;-360.0;-200.0;200.0;0.0;0.0;0.0;0.0;0.0;0.0;0.0;0.0;0.0;0.0;0.0;0.0;0.0;0.0;0.0;0.0;0.0;0.0;160.0;560.0;360.0;360.0;360.0;360.0;360.0;360.0;360.0;360.0;360.0;360.0;360.0;360.0;360.0;360.0;360.0;360.0;360.0;360.0
0.120616;0.245844;0.245844;0.034373;-0.022478;-0.105294;-0.077996;-0.010105;-0.025465;0.270512;0.0;-0.276316;-0.023141;0.026721;0.020802;0.014055;0.171876;-0.076157;0.120616;0.314534;0.120616;0.245844;0.245844;0.034373;-0.022478;-0.105294;-0.077996;-0.010105;-0.025465;0.270512;0.0;-0.276316;-0.023141;0.026721;0.020802;0.014055;0.171876;-0.076157;0.120616;0.314534;0.120616;0.245844;0.245844;0.034373;-0.022478;-0.105294;-0.077996;-0.010105;-0.025465;0.270512;0.0;-0.276316;-0.023141;0.026721;0.020802;0.014055;0.171876;-0.076157;0.120616;0.314534
-160.0;-360.0;-360.0;-360.0;-360.0;-360.0;-360.0;-360.0;-360.0;-360.0;-360.0;-360.0;-360.0;-360.0;-360.0;-360.0;200.0;0.0;0.0;0.0;0.0;0.0;0.0;0.0;0.0;0.0;0.0;0.0;0.0;0.0;0.0;0.0;560.0;360.0;360.0;360.0;360.0;360.0;360.0;360.0;360.0;360.0;360.0;360.0;360.0;360.0;360.0;360.0
-0.852183;-0.848884;-0.852183;-0.733439;-0.160692;0.095628;-0.018122;0.012333;0.119269;-0.256207;0.0;0.0;-0.30083;0.18392;0.501503;0.155424;-0.852183;-0.848884;-0.852183;-0.733439;-0.160692;0.095628;-0.018122;0.012333;0.119269;-0.256207;0.0;0.0;-0.30083;0.18392;0.501503;0.155424;-0.852183;-0.848884;-0.852183;-0.733439;-0.160692;0.095628;-0.018122;0.012333;0.119269;-0.256207;0.0;0.0;-0.30083;0.18392;0.501503;0.155424
-560.0;-160.0;-360.0;-360.0;-360.0;-360.0;-360.0;-360.0;-360.0;-360.0;-360.0;-360.0;-360.0;-360.0;-360.0;-360.0;-360.0;-360.0;-360.0;-200.0;200.0;0.0;0.0;0.0;0.0;0.0;0.0;0.0;0.0;0.0;0.0;0.0;0.0;0.0;0.0;0.0;0.0;0.0;160.0;560.0;360.0;360.0;360.0;360.0;360.0;360.0;360.0;360.0;360.0;360.0;360.0;360.0;360.0;360.0;360.0;360.0;360.0
0.156831;0.138467;0.138467;0.036213;-0.022517;-0.013328;0.05287;0.102654;-0.176696;-2.094787;0.0;0.0;-0.073414;0.075635;-0.050832;-0.198735;-0.006906;-0.00978;0.156831;0.156831;0.138467;0.138467;0.036213;-0.022517;-0.013328;0.05287;0.102654;-0.176696;-2.094787;0.0;0.0;-0.073414;0.075635;-0.050832;-0.198735;-0.006906;-0.00978;0.156831;0.156831;0.138467;0.138467;0.036213;-0.022517;-0.013328;0.05287;0.102654;-0.176696;-2.094787;0.0;0.0;-0.073414;0.075635;-0.050832;-0.198735;-0.006906;-0.00978;0.156831
