CA phi ha1bond
-0.00677724305556
-0.062785875;0.0492313888889
N/A
N/A
N/A
Y;N
-560.0;-540.0;-520.0;-500.0;-480.0;-460.0;-440.0;-420.0;-400.0;-380.0;-320.0;-300.0;-280.0;-260.0;-220.0;-200.0;-180.0;-160.0;-140.0;-120.0;-100.0;-80.0;-60.0;-40.0;-20.0;40.0;60.0;80.0;100.0;140.0;160.0;180.0;200.0;220.0;240.0;260.0;280.0;300.0;320.0;340.0;400.0;420.0;440.0;460.0;500.0;520.0;540.0;560.0
0.110308;0.754398;0.97548;-1.080181;-1.173297;-1.018427;-0.714653;-0.515803;-0.398966;0.978249;-0.946286;-0.622138;0.847705;0.934331;0.110308;0.110308;0.754398;0.97548;-1.080181;-1.173297;-1.018427;-0.714653;-0.515803;-0.398966;0.978249;-0.946286;-0.622138;0.847705;0.934331;0.110308;0.110308;0.754398;0.97548;-1.080181;-1.173297;-1.018427;-0.714653;-0.515803;-0.398966;0.978249;-0.946286;-0.622138;0.847705;0.934331;0.110308;0.110308;0.754398;0.97548
-560.0;-540.0;-520.0;-500.0;-480.0;-460.0;-440.0;-420.0;-400.0;-380.0;-340.0;-320.0;-300.0;-280.0;-260.0;-240.0;-220.0;-200.0;-180.0;-160.0;-140.0;-120.0;-100.0;-80.0;-60.0;-40.0;-20.0;20.0;40.0;60.0;80.0;100.0;120.0;140.0;160.0;180.0;200.0;220.0;240.0;260.0;280.0;300.0;320.0;340.0;380.0;400.0;420.0;440.0;460.0;480.0;500.0;520.0;540.0;560.0
0.470931;0.664361;0.326724;-0.01908;-0.188107;-0.199475;-0.011718;0.126211;0.288789;-1.039704;-0.029821;0.25046;0.290044;0.088486;-0.118067;0.009146;-0.687376;0.470931;0.664361;0.326724;-0.01908;-0.188107;-0.199475;-0.011718;0.126211;0.288789;-1.039704;-0.029821;0.25046;0.290044;0.088486;-0.118067;0.009146;-0.687376;0.470931;0.664361;0.326724;-0.01908;-0.188107;-0.199475;-0.011718;0.126211;0.288789;-1.039704;-0.029821;0.25046;0.290044;0.088486;-0.118067;0.009146;-0.687376;0.470931;0.664361;0.326724
