CA psi phi
0.0236911789655
0.029569;-0.793215571429;-0.6797632;-0.568680555556;-0.405504684211;-0.0139061578947;0.522357210526;0.836384705882;1.31649481818;0.4611318;0.950514714286;0.381602692308;0.200543333333;-0.233123818182;-0.429604222222;-0.318943714286;0.029569;-0.793215571429;-0.6797632;-0.568680555556;-0.405504684211;-0.0139061578947;0.522357210526;0.836384705882;1.31649481818;0.4611318;0.950514714286;0.381602692308;0.200543333333;-0.233123818182;-0.429604222222;-0.318943714286;0.029569;-0.793215571429;-0.6797632;-0.568680555556;-0.405504684211;-0.0139061578947;0.522357210526;0.836384705882;1.31649481818;0.4611318;0.950514714286;0.381602692308;0.200543333333;-0.233123818182;-0.429604222222;-0.318943714286;0.029569;-0.793215571429;-0.6797632
N/A
N/A
N/A
-560.0;-540.0;-520.0;-500.0;-480.0;-460.0;-440.0;-420.0;-400.0;-380.0;-320.0;-300.0;-280.0;-260.0;-240.0;-220.0;-200.0;-180.0;-160.0;-140.0;-120.0;-100.0;-80.0;-60.0;-40.0;-20.0;40.0;60.0;80.0;100.0;120.0;140.0;160.0;180.0;200.0;220.0;240.0;260.0;280.0;300.0;320.0;340.0;400.0;420.0;440.0;460.0;480.0;500.0;520.0;540.0;560.0
-560.0;-540.0;-520.0;-500.0;-400.0;-380.0;-200.0;-180.0;-160.0;-140.0;-40.0;-20.0;160.0;180.0;240.0;320.0;340.0;520.0;540.0
-0.75323;-0.621696;-0.10986;0.138909;1.087278;1.087278;-0.75323;-0.621696;-0.10986;0.138909;1.087278;1.087278;-0.75323;-0.621696;-0.10986;1.087278;1.087278;-0.75323;-0.621696
-560.0;-540.0;-520.0;-500.0;-240.0;-220.0;-200.0;-180.0;-160.0;-140.0;120.0;140.0;160.0;180.0;240.0;480.0;500.0;520.0;540.0
-0.998287;-0.772857;-0.431164;-0.199926;-1.209615;-1.167803;-0.998287;-0.772857;-0.431164;-0.199926;-1.209615;-1.167803;-0.998287;-0.772857;-0.431164;-1.209615;-1.167803;-0.998287;-0.772857
-560.0;-540.0;-520.0;-500.0;-420.0;-400.0;-360.0;-340.0;-320.0;-300.0;-280.0;-260.0;-240.0;-220.0;-200.0;-180.0;-160.0;-140.0;-60.0;-40.0;0.0;20.0;40.0;60.0;80.0;100.0;120.0;140.0;160.0;180.0;240.0;300.0;320.0;360.0;380.0;400.0;420.0;440.0;460.0;480.0;500.0;520.0;540.0
-1.285892;-1.010394;-0.82283;-0.728222;0.622162;0.622162;0.715175;0.715175;-2.009686;-1.295981;-1.17703;-0.910832;-1.193368;-1.426493;-1.285892;-1.010394;-0.82283;-0.728222;0.622162;0.622162;0.715175;0.715175;-2.009686;-1.295981;-1.17703;-0.910832;-1.193368;-1.426493;-1.285892;-1.010394;-0.82283;0.622162;0.622162;0.715175;0.715175;-2.009686;-1.295981;-1.17703;-0.910832;-1.193368;-1.426493;-1.285892;-1.010394
-560.0;-540.0;-520.0;-500.0;-460.0;-440.0;-420.0;-400.0;-380.0;-360.0;-340.0;-320.0;-300.0;-280.0;-260.0;-240.0;-220.0;-200.0;-180.0;-160.0;-140.0;-100.0;-80.0;-60.0;-40.0;-20.0;0.0;20.0;40.0;60.0;80.0;100.0;120.0;140.0;160.0;180.0;240.0;260.0;280.0;300.0;320.0;340.0;360.0;380.0;400.0;420.0;440.0;460.0;480.0;500.0;520.0;540.0
-1.627387;-1.425114;-0.968931;-0.876372;0.823301;1.027041;1.39014;1.291407;-0.136721;-0.045242;0.121865;-0.408402;-1.265928;-1.904866;-1.572076;-1.567234;-1.666617;-1.627387;-1.425114;-0.968931;-0.876372;0.823301;1.027041;1.39014;1.291407;-0.136721;-0.045242;0.121865;-0.408402;-1.265928;-1.904866;-1.572076;-1.567234;-1.666617;-1.627387;-1.425114;-0.968931;0.823301;1.027041;1.39014;1.291407;-0.136721;-0.045242;0.121865;-0.408402;-1.265928;-1.904866;-1.572076;-1.567234;-1.666617;-1.627387;-1.425114
-560.0;-540.0;-520.0;-500.0;-480.0;-460.0;-440.0;-420.0;-400.0;-380.0;-360.0;-340.0;-320.0;-300.0;-280.0;-260.0;-240.0;-220.0;-200.0;-180.0;-160.0;-140.0;-120.0;-100.0;-80.0;-60.0;-40.0;-20.0;0.0;20.0;40.0;60.0;80.0;100.0;120.0;140.0;160.0;180.0;240.0;260.0;280.0;300.0;320.0;340.0;360.0;380.0;400.0;420.0;440.0;460.0;480.0;500.0;520.0;540.0
-1.67457;-1.771817;-1.242389;0.150867;0.559783;0.553363;1.198384;1.708821;1.427772;0.399476;0.3509;0.226957;-0.112164;-0.944228;-1.959988;-1.575919;-1.599413;-1.628607;-1.67457;-1.771817;-1.242389;0.150867;0.559783;0.553363;1.198384;1.708821;1.427772;0.399476;0.3509;0.226957;-0.112164;-0.944228;-1.959988;-1.575919;-1.599413;-1.628607;-1.67457;-1.771817;-1.242389;0.553363;1.198384;1.708821;1.427772;0.399476;0.3509;0.226957;-0.112164;-0.944228;-1.959988;-1.575919;-1.599413;-1.628607;-1.67457;-1.771817
-560.0;-540.0;-520.0;-500.0;-480.0;-460.0;-440.0;-420.0;-400.0;-380.0;-360.0;-340.0;-320.0;-300.0;-280.0;-260.0;-240.0;-220.0;-200.0;-180.0;-160.0;-140.0;-120.0;-100.0;-80.0;-60.0;-40.0;-20.0;0.0;20.0;40.0;60.0;80.0;100.0;120.0;140.0;160.0;180.0;240.0;260.0;280.0;300.0;320.0;340.0;360.0;380.0;400.0;420.0;440.0;460.0;480.0;500.0;520.0;540.0
-1.153635;-1.208774;-0.917705;0.182042;0.317465;1.130617;1.606113;2.076058;1.868392;1.214713;0.76727;0.467472;0.282923;-0.805902;-1.306537;-1.149224;-1.212286;-1.214445;-1.153635;-1.208774;-0.917705;0.182042;0.317465;1.130617;1.606113;2.076058;1.868392;1.214713;0.76727;0.467472;0.282923;-0.805902;-1.306537;-1.149224;-1.212286;-1.214445;-1.153635;-1.208774;-0.917705;1.130617;1.606113;2.076058;1.868392;1.214713;0.76727;0.467472;0.282923;-0.805902;-1.306537;-1.149224;-1.212286;-1.214445;-1.153635;-1.208774
-560.0;-540.0;-520.0;-500.0;-480.0;-460.0;-440.0;-420.0;-400.0;-380.0;-360.0;-340.0;-320.0;-300.0;-280.0;-260.0;-240.0;-220.0;-200.0;-180.0;-160.0;-140.0;-120.0;-100.0;-80.0;-60.0;-40.0;-20.0;0.0;20.0;40.0;60.0;80.0;100.0;120.0;140.0;160.0;180.0;240.0;260.0;280.0;300.0;320.0;340.0;360.0;380.0;400.0;420.0;440.0;460.0;480.0;500.0;520.0;540.0
-0.308045;-0.664691;-0.451605;0.213218;-0.167171;1.977809;1.960723;2.874744;2.762621;2.310958;1.38869;0.786744;0.570002;-0.692397;-0.893527;-0.505431;-0.340212;-0.232952;-0.308045;-0.664691;-0.451605;0.213218;-0.167171;1.977809;1.960723;2.874744;2.762621;2.310958;1.38869;0.786744;0.570002;-0.692397;-0.893527;-0.505431;-0.340212;-0.232952;-0.308045;-0.664691;-0.451605;1.977809;1.960723;2.874744;2.762621;2.310958;1.38869;0.786744;0.570002;-0.692397;-0.893527;-0.505431;-0.340212;-0.232952;-0.308045;-0.664691
-560.0;-540.0;-520.0;-500.0;-440.0;-420.0;-400.0;-380.0;-360.0;-340.0;-320.0;-300.0;-280.0;-260.0;-240.0;-220.0;-200.0;-180.0;-160.0;-140.0;-80.0;-60.0;-40.0;-20.0;0.0;20.0;40.0;60.0;80.0;100.0;120.0;140.0;160.0;180.0;240.0;280.0;300.0;320.0;340.0;360.0;380.0;400.0;420.0;440.0;460.0;480.0;500.0;520.0;540.0
0.13831;-0.048782;-0.2731;-0.732265;2.681616;2.987575;2.889228;2.629402;1.937011;1.055665;-0.584381;0.171265;0.334859;0.494623;0.342833;0.243463;0.13831;-0.048782;-0.2731;-0.732265;2.681616;2.987575;2.889228;2.629402;1.937011;1.055665;-0.584381;0.171265;0.334859;0.494623;0.342833;0.243463;0.13831;-0.048782;-0.2731;2.681616;2.987575;2.889228;2.629402;1.937011;1.055665;-0.584381;0.171265;0.334859;0.494623;0.342833;0.243463;0.13831;-0.048782
-560.0;-520.0;-500.0;-440.0;-420.0;-400.0;-380.0;-360.0;-260.0;-240.0;-220.0;-200.0;-160.0;-140.0;-80.0;-60.0;-40.0;-20.0;0.0;100.0;120.0;140.0;160.0;240.0;280.0;300.0;320.0;340.0;360.0;460.0;480.0;500.0;520.0
-0.246914;-0.732265;-0.732265;4.501297;3.108828;3.010369;2.798314;2.117036;-0.146661;0.460325;0.343379;-0.246914;-0.732265;-0.732265;4.501297;3.108828;3.010369;2.798314;2.117036;-0.146661;0.460325;0.343379;-0.246914;-0.732265;4.501297;3.108828;3.010369;2.798314;2.117036;-0.146661;0.460325;0.343379;-0.246914
-560.0;-420.0;-400.0;-240.0;-220.0;-200.0;-60.0;-40.0;120.0;140.0;160.0;300.0;320.0;480.0;500.0
-2.651145;3.505966;3.505966;-0.48637;-1.568758;-2.651145;3.505966;3.505966;-0.48637;-1.568758;-2.651145;3.505966;3.505966;-0.48637;-1.568758
-520.0;-500.0;-480.0;-360.0;-340.0;-320.0;-300.0;-160.0;-140.0;-120.0;0.0;20.0;40.0;60.0;240.0;360.0;380.0;400.0;420.0
0.963764;0.93224;0.924359;1.492407;0.739071;0.750735;0.851027;0.963764;0.93224;0.924359;1.492407;0.739071;0.750735;0.851027;0.963764;1.492407;0.739071;0.750735;0.851027
-540.0;-520.0;-500.0;-480.0;-460.0;-380.0;-360.0;-340.0;-320.0;-300.0;-280.0;-260.0;-180.0;-160.0;-140.0;-120.0;-100.0;-20.0;0.0;20.0;40.0;60.0;80.0;100.0;180.0;240.0;260.0;340.0;360.0;380.0;400.0;420.0;440.0;460.0;540.0
-0.934988;-0.376661;0.864288;1.107905;0.814823;1.262393;0.853777;0.87128;0.888426;0.768713;0.106767;-0.3309;-0.934988;-0.376661;0.864288;1.107905;0.814823;1.262393;0.853777;0.87128;0.888426;0.768713;0.106767;-0.3309;-0.934988;-0.376661;0.814823;1.262393;0.853777;0.87128;0.888426;0.768713;0.106767;-0.3309;-0.934988
-560.0;-540.0;-520.0;-500.0;-480.0;-460.0;-400.0;-380.0;-360.0;-340.0;-320.0;-300.0;-280.0;-260.0;-200.0;-180.0;-160.0;-140.0;-120.0;-100.0;-40.0;-20.0;0.0;20.0;40.0;60.0;80.0;100.0;160.0;180.0;240.0;260.0;320.0;340.0;360.0;380.0;400.0;420.0;440.0;460.0;520.0;540.0
0.071491;-0.697061;-0.863349;0.42298;0.832663;0.814823;0.175818;0.37968;0.497093;0.774932;1.155062;0.365212;0.106767;-0.3309;0.071491;-0.697061;-0.863349;0.42298;0.832663;0.814823;0.175818;0.37968;0.497093;0.774932;1.155062;0.365212;0.106767;-0.3309;0.071491;-0.697061;-0.863349;0.814823;0.175818;0.37968;0.497093;0.774932;1.155062;0.365212;0.106767;-0.3309;0.071491;-0.697061
-560.0;-540.0;-520.0;-500.0;-480.0;-400.0;-380.0;-360.0;-340.0;-320.0;-200.0;-180.0;-160.0;-140.0;-120.0;-40.0;-20.0;0.0;20.0;40.0;160.0;180.0;240.0;320.0;340.0;360.0;380.0;400.0;520.0;540.0
0.071491;-0.713759;-1.302697;-1.00249;-1.00249;0.492422;0.234794;0.292043;0.441513;0.63857;0.071491;-0.713759;-1.302697;-1.00249;-1.00249;0.492422;0.234794;0.292043;0.441513;0.63857;0.071491;-0.713759;-1.302697;0.492422;0.234794;0.292043;0.441513;0.63857;0.071491;-0.713759
-560.0;-540.0;-520.0;-400.0;-380.0;-360.0;-340.0;-320.0;-200.0;-180.0;-160.0;-40.0;-20.0;0.0;20.0;40.0;160.0;180.0;240.0;320.0;340.0;360.0;380.0;400.0;520.0;540.0
-1.574026;-1.550876;-1.527727;0.650724;0.451341;0.309775;0.308646;0.616581;-1.574026;-1.550876;-1.527727;0.650724;0.451341;0.309775;0.308646;0.616581;-1.574026;-1.550876;-1.527727;0.650724;0.451341;0.309775;0.308646;0.616581;-1.574026;-1.550876
-560.0;-540.0;-520.0;-500.0;-400.0;-380.0;-200.0;-180.0;-160.0;-140.0;-40.0;-20.0;160.0;180.0;240.0;320.0;340.0;520.0;540.0
-1.379456;-1.379456;-0.134397;-0.134397;1.087278;1.087278;-1.379456;-1.379456;-0.134397;-0.134397;1.087278;1.087278;-1.379456;-1.379456;-0.134397;1.087278;1.087278;-1.379456;-1.379456
-560.0;-540.0;-520.0;-500.0;-400.0;-380.0;-200.0;-180.0;-160.0;-140.0;-40.0;-20.0;160.0;180.0;240.0;320.0;340.0;520.0;540.0
-0.75323;-0.621696;-0.10986;0.138909;1.087278;1.087278;-0.75323;-0.621696;-0.10986;0.138909;1.087278;1.087278;-0.75323;-0.621696;-0.10986;1.087278;1.087278;-0.75323;-0.621696
-560.0;-540.0;-520.0;-500.0;-240.0;-220.0;-200.0;-180.0;-160.0;-140.0;120.0;140.0;160.0;180.0;240.0;480.0;500.0;520.0;540.0
-0.998287;-0.772857;-0.431164;-0.199926;-1.209615;-1.167803;-0.998287;-0.772857;-0.431164;-0.199926;-1.209615;-1.167803;-0.998287;-0.772857;-0.431164;-1.209615;-1.167803;-0.998287;-0.772857
-560.0;-540.0;-520.0;-500.0;-420.0;-400.0;-360.0;-340.0;-320.0;-300.0;-280.0;-260.0;-240.0;-220.0;-200.0;-180.0;-160.0;-140.0;-60.0;-40.0;0.0;20.0;40.0;60.0;80.0;100.0;120.0;140.0;160.0;180.0;240.0;300.0;320.0;360.0;380.0;400.0;420.0;440.0;460.0;480.0;500.0;520.0;540.0
-1.285892;-1.010394;-0.82283;-0.728222;0.622162;0.622162;0.715175;0.715175;-2.009686;-1.295981;-1.17703;-0.910832;-1.193368;-1.426493;-1.285892;-1.010394;-0.82283;-0.728222;0.622162;0.622162;0.715175;0.715175;-2.009686;-1.295981;-1.17703;-0.910832;-1.193368;-1.426493;-1.285892;-1.010394;-0.82283;0.622162;0.622162;0.715175;0.715175;-2.009686;-1.295981;-1.17703;-0.910832;-1.193368;-1.426493;-1.285892;-1.010394
-560.0;-540.0;-520.0;-500.0;-460.0;-440.0;-420.0;-400.0;-380.0;-360.0;-340.0;-320.0;-300.0;-280.0;-260.0;-240.0;-220.0;-200.0;-180.0;-160.0;-140.0;-100.0;-80.0;-60.0;-40.0;-20.0;0.0;20.0;40.0;60.0;80.0;100.0;120.0;140.0;160.0;180.0;240.0;260.0;280.0;300.0;320.0;340.0;360.0;380.0;400.0;420.0;440.0;460.0;480.0;500.0;520.0;540.0
-1.627387;-1.425114;-0.968931;-0.876372;0.823301;1.027041;1.39014;1.291407;-0.136721;-0.045242;0.121865;-0.408402;-1.265928;-1.904866;-1.572076;-1.567234;-1.666617;-1.627387;-1.425114;-0.968931;-0.876372;0.823301;1.027041;1.39014;1.291407;-0.136721;-0.045242;0.121865;-0.408402;-1.265928;-1.904866;-1.572076;-1.567234;-1.666617;-1.627387;-1.425114;-0.968931;0.823301;1.027041;1.39014;1.291407;-0.136721;-0.045242;0.121865;-0.408402;-1.265928;-1.904866;-1.572076;-1.567234;-1.666617;-1.627387;-1.425114
-560.0;-540.0;-520.0;-500.0;-480.0;-460.0;-440.0;-420.0;-400.0;-380.0;-360.0;-340.0;-320.0;-300.0;-280.0;-260.0;-240.0;-220.0;-200.0;-180.0;-160.0;-140.0;-120.0;-100.0;-80.0;-60.0;-40.0;-20.0;0.0;20.0;40.0;60.0;80.0;100.0;120.0;140.0;160.0;180.0;240.0;260.0;280.0;300.0;320.0;340.0;360.0;380.0;400.0;420.0;440.0;460.0;480.0;500.0;520.0;540.0
-1.67457;-1.771817;-1.242389;0.150867;0.559783;0.553363;1.198384;1.708821;1.427772;0.399476;0.3509;0.226957;-0.112164;-0.944228;-1.959988;-1.575919;-1.599413;-1.628607;-1.67457;-1.771817;-1.242389;0.150867;0.559783;0.553363;1.198384;1.708821;1.427772;0.399476;0.3509;0.226957;-0.112164;-0.944228;-1.959988;-1.575919;-1.599413;-1.628607;-1.67457;-1.771817;-1.242389;0.553363;1.198384;1.708821;1.427772;0.399476;0.3509;0.226957;-0.112164;-0.944228;-1.959988;-1.575919;-1.599413;-1.628607;-1.67457;-1.771817
-560.0;-540.0;-520.0;-500.0;-480.0;-460.0;-440.0;-420.0;-400.0;-380.0;-360.0;-340.0;-320.0;-300.0;-280.0;-260.0;-240.0;-220.0;-200.0;-180.0;-160.0;-140.0;-120.0;-100.0;-80.0;-60.0;-40.0;-20.0;0.0;20.0;40.0;60.0;80.0;100.0;120.0;140.0;160.0;180.0;240.0;260.0;280.0;300.0;320.0;340.0;360.0;380.0;400.0;420.0;440.0;460.0;480.0;500.0;520.0;540.0
-1.153635;-1.208774;-0.917705;0.182042;0.317465;1.130617;1.606113;2.076058;1.868392;1.214713;0.76727;0.467472;0.282923;-0.805902;-1.306537;-1.149224;-1.212286;-1.214445;-1.153635;-1.208774;-0.917705;0.182042;0.317465;1.130617;1.606113;2.076058;1.868392;1.214713;0.76727;0.467472;0.282923;-0.805902;-1.306537;-1.149224;-1.212286;-1.214445;-1.153635;-1.208774;-0.917705;1.130617;1.606113;2.076058;1.868392;1.214713;0.76727;0.467472;0.282923;-0.805902;-1.306537;-1.149224;-1.212286;-1.214445;-1.153635;-1.208774
-560.0;-540.0;-520.0;-500.0;-480.0;-460.0;-440.0;-420.0;-400.0;-380.0;-360.0;-340.0;-320.0;-300.0;-280.0;-260.0;-240.0;-220.0;-200.0;-180.0;-160.0;-140.0;-120.0;-100.0;-80.0;-60.0;-40.0;-20.0;0.0;20.0;40.0;60.0;80.0;100.0;120.0;140.0;160.0;180.0;240.0;260.0;280.0;300.0;320.0;340.0;360.0;380.0;400.0;420.0;440.0;460.0;480.0;500.0;520.0;540.0
-0.308045;-0.664691;-0.451605;0.213218;-0.167171;1.977809;1.960723;2.874744;2.762621;2.310958;1.38869;0.786744;0.570002;-0.692397;-0.893527;-0.505431;-0.340212;-0.232952;-0.308045;-0.664691;-0.451605;0.213218;-0.167171;1.977809;1.960723;2.874744;2.762621;2.310958;1.38869;0.786744;0.570002;-0.692397;-0.893527;-0.505431;-0.340212;-0.232952;-0.308045;-0.664691;-0.451605;1.977809;1.960723;2.874744;2.762621;2.310958;1.38869;0.786744;0.570002;-0.692397;-0.893527;-0.505431;-0.340212;-0.232952;-0.308045;-0.664691
-560.0;-540.0;-520.0;-500.0;-440.0;-420.0;-400.0;-380.0;-360.0;-340.0;-320.0;-300.0;-280.0;-260.0;-240.0;-220.0;-200.0;-180.0;-160.0;-140.0;-80.0;-60.0;-40.0;-20.0;0.0;20.0;40.0;60.0;80.0;100.0;120.0;140.0;160.0;180.0;240.0;280.0;300.0;320.0;340.0;360.0;380.0;400.0;420.0;440.0;460.0;480.0;500.0;520.0;540.0
0.13831;-0.048782;-0.2731;-0.732265;2.681616;2.987575;2.889228;2.629402;1.937011;1.055665;-0.584381;0.171265;0.334859;0.494623;0.342833;0.243463;0.13831;-0.048782;-0.2731;-0.732265;2.681616;2.987575;2.889228;2.629402;1.937011;1.055665;-0.584381;0.171265;0.334859;0.494623;0.342833;0.243463;0.13831;-0.048782;-0.2731;2.681616;2.987575;2.889228;2.629402;1.937011;1.055665;-0.584381;0.171265;0.334859;0.494623;0.342833;0.243463;0.13831;-0.048782
-560.0;-520.0;-500.0;-440.0;-420.0;-400.0;-380.0;-360.0;-260.0;-240.0;-220.0;-200.0;-160.0;-140.0;-80.0;-60.0;-40.0;-20.0;0.0;100.0;120.0;140.0;160.0;240.0;280.0;300.0;320.0;340.0;360.0;460.0;480.0;500.0;520.0
-0.246914;-0.732265;-0.732265;4.501297;3.108828;3.010369;2.798314;2.117036;-0.146661;0.460325;0.343379;-0.246914;-0.732265;-0.732265;4.501297;3.108828;3.010369;2.798314;2.117036;-0.146661;0.460325;0.343379;-0.246914;-0.732265;4.501297;3.108828;3.010369;2.798314;2.117036;-0.146661;0.460325;0.343379;-0.246914
-560.0;-420.0;-400.0;-240.0;-220.0;-200.0;-60.0;-40.0;120.0;140.0;160.0;300.0;320.0;480.0;500.0
-2.651145;3.505966;3.505966;-0.48637;-1.568758;-2.651145;3.505966;3.505966;-0.48637;-1.568758;-2.651145;3.505966;3.505966;-0.48637;-1.568758
-520.0;-500.0;-480.0;-360.0;-340.0;-320.0;-300.0;-160.0;-140.0;-120.0;0.0;20.0;40.0;60.0;240.0;360.0;380.0;400.0;420.0
0.963764;0.93224;0.924359;1.492407;0.739071;0.750735;0.851027;0.963764;0.93224;0.924359;1.492407;0.739071;0.750735;0.851027;0.963764;1.492407;0.739071;0.750735;0.851027
-540.0;-520.0;-500.0;-480.0;-460.0;-380.0;-360.0;-340.0;-320.0;-300.0;-280.0;-260.0;-180.0;-160.0;-140.0;-120.0;-100.0;-20.0;0.0;20.0;40.0;60.0;80.0;100.0;180.0;240.0;260.0;340.0;360.0;380.0;400.0;420.0;440.0;460.0;540.0
-0.934988;-0.376661;0.864288;1.107905;0.814823;1.262393;0.853777;0.87128;0.888426;0.768713;0.106767;-0.3309;-0.934988;-0.376661;0.864288;1.107905;0.814823;1.262393;0.853777;0.87128;0.888426;0.768713;0.106767;-0.3309;-0.934988;-0.376661;0.814823;1.262393;0.853777;0.87128;0.888426;0.768713;0.106767;-0.3309;-0.934988
-560.0;-540.0;-520.0;-500.0;-480.0;-460.0;-400.0;-380.0;-360.0;-340.0;-320.0;-300.0;-280.0;-260.0;-200.0;-180.0;-160.0;-140.0;-120.0;-100.0;-40.0;-20.0;0.0;20.0;40.0;60.0;80.0;100.0;160.0;180.0;240.0;260.0;320.0;340.0;360.0;380.0;400.0;420.0;440.0;460.0;520.0;540.0
0.071491;-0.697061;-0.863349;0.42298;0.832663;0.814823;0.175818;0.37968;0.497093;0.774932;1.155062;0.365212;0.106767;-0.3309;0.071491;-0.697061;-0.863349;0.42298;0.832663;0.814823;0.175818;0.37968;0.497093;0.774932;1.155062;0.365212;0.106767;-0.3309;0.071491;-0.697061;-0.863349;0.814823;0.175818;0.37968;0.497093;0.774932;1.155062;0.365212;0.106767;-0.3309;0.071491;-0.697061
-560.0;-540.0;-520.0;-500.0;-480.0;-400.0;-380.0;-360.0;-340.0;-320.0;-200.0;-180.0;-160.0;-140.0;-120.0;-40.0;-20.0;0.0;20.0;40.0;160.0;180.0;240.0;320.0;340.0;360.0;380.0;400.0;520.0;540.0
0.071491;-0.713759;-1.302697;-1.00249;-1.00249;0.492422;0.234794;0.292043;0.441513;0.63857;0.071491;-0.713759;-1.302697;-1.00249;-1.00249;0.492422;0.234794;0.292043;0.441513;0.63857;0.071491;-0.713759;-1.302697;0.492422;0.234794;0.292043;0.441513;0.63857;0.071491;-0.713759
-560.0;-540.0;-520.0;-400.0;-380.0;-360.0;-340.0;-320.0;-200.0;-180.0;-160.0;-40.0;-20.0;0.0;20.0;40.0;160.0;180.0;240.0;320.0;340.0;360.0;380.0;400.0;520.0;540.0
-1.574026;-1.550876;-1.527727;0.650724;0.451341;0.309775;0.308646;0.616581;-1.574026;-1.550876;-1.527727;0.650724;0.451341;0.309775;0.308646;0.616581;-1.574026;-1.550876;-1.527727;0.650724;0.451341;0.309775;0.308646;0.616581;-1.574026;-1.550876
-560.0;-540.0;-520.0;-500.0;-400.0;-380.0;-200.0;-180.0;-160.0;-140.0;-40.0;-20.0;160.0;180.0;240.0;320.0;340.0;520.0;540.0
-1.379456;-1.379456;-0.134397;-0.134397;1.087278;1.087278;-1.379456;-1.379456;-0.134397;-0.134397;1.087278;1.087278;-1.379456;-1.379456;-0.134397;1.087278;1.087278;-1.379456;-1.379456
-560.0;-540.0;-520.0;-500.0;-400.0;-380.0;-200.0;-180.0;-160.0;-140.0;-40.0;-20.0;160.0;180.0;240.0;320.0;340.0;520.0;540.0
-0.75323;-0.621696;-0.10986;0.138909;1.087278;1.087278;-0.75323;-0.621696;-0.10986;0.138909;1.087278;1.087278;-0.75323;-0.621696;-0.10986;1.087278;1.087278;-0.75323;-0.621696
-560.0;-540.0;-520.0;-500.0;-240.0;-220.0;-200.0;-180.0;-160.0;-140.0;120.0;140.0;160.0;180.0;240.0;480.0;500.0;520.0;540.0
-0.998287;-0.772857;-0.431164;-0.199926;-1.209615;-1.167803;-0.998287;-0.772857;-0.431164;-0.199926;-1.209615;-1.167803;-0.998287;-0.772857;-0.431164;-1.209615;-1.167803;-0.998287;-0.772857
-560.0;-540.0;-520.0;-500.0;-420.0;-400.0;-360.0;-340.0;-320.0;-300.0;-280.0;-260.0;-240.0;-220.0;-200.0;-180.0;-160.0;-140.0;-60.0;-40.0;0.0;20.0;40.0;60.0;80.0;100.0;120.0;140.0;160.0;180.0;240.0;300.0;320.0;360.0;380.0;400.0;420.0;440.0;460.0;480.0;500.0;520.0;540.0
-1.285892;-1.010394;-0.82283;-0.728222;0.622162;0.622162;0.715175;0.715175;-2.009686;-1.295981;-1.17703;-0.910832;-1.193368;-1.426493;-1.285892;-1.010394;-0.82283;-0.728222;0.622162;0.622162;0.715175;0.715175;-2.009686;-1.295981;-1.17703;-0.910832;-1.193368;-1.426493;-1.285892;-1.010394;-0.82283;0.622162;0.622162;0.715175;0.715175;-2.009686;-1.295981;-1.17703;-0.910832;-1.193368;-1.426493;-1.285892;-1.010394
-560.0;-540.0;-520.0;-500.0;-460.0;-440.0;-420.0;-400.0;-380.0;-360.0;-340.0;-320.0;-300.0;-280.0;-260.0;-240.0;-220.0;-200.0;-180.0;-160.0;-140.0;-100.0;-80.0;-60.0;-40.0;-20.0;0.0;20.0;40.0;60.0;80.0;100.0;120.0;140.0;160.0;180.0;240.0;260.0;280.0;300.0;320.0;340.0;360.0;380.0;400.0;420.0;440.0;460.0;480.0;500.0;520.0;540.0
-1.627387;-1.425114;-0.968931;-0.876372;0.823301;1.027041;1.39014;1.291407;-0.136721;-0.045242;0.121865;-0.408402;-1.265928;-1.904866;-1.572076;-1.567234;-1.666617;-1.627387;-1.425114;-0.968931;-0.876372;0.823301;1.027041;1.39014;1.291407;-0.136721;-0.045242;0.121865;-0.408402;-1.265928;-1.904866;-1.572076;-1.567234;-1.666617;-1.627387;-1.425114;-0.968931;0.823301;1.027041;1.39014;1.291407;-0.136721;-0.045242;0.121865;-0.408402;-1.265928;-1.904866;-1.572076;-1.567234;-1.666617;-1.627387;-1.425114
-560.0;-540.0;-520.0;-500.0;-480.0;-460.0;-440.0;-420.0;-400.0;-380.0;-360.0;-340.0;-320.0;-300.0;-280.0;-260.0;-240.0;-220.0;-200.0;-180.0;-160.0;-140.0;-120.0;-100.0;-80.0;-60.0;-40.0;-20.0;0.0;20.0;40.0;60.0;80.0;100.0;120.0;140.0;160.0;180.0;240.0;260.0;280.0;300.0;320.0;340.0;360.0;380.0;400.0;420.0;440.0;460.0;480.0;500.0;520.0;540.0
-1.67457;-1.771817;-1.242389;0.150867;0.559783;0.553363;1.198384;1.708821;1.427772;0.399476;0.3509;0.226957;-0.112164;-0.944228;-1.959988;-1.575919;-1.599413;-1.628607;-1.67457;-1.771817;-1.242389;0.150867;0.559783;0.553363;1.198384;1.708821;1.427772;0.399476;0.3509;0.226957;-0.112164;-0.944228;-1.959988;-1.575919;-1.599413;-1.628607;-1.67457;-1.771817;-1.242389;0.553363;1.198384;1.708821;1.427772;0.399476;0.3509;0.226957;-0.112164;-0.944228;-1.959988;-1.575919;-1.599413;-1.628607;-1.67457;-1.771817
-560.0;-540.0;-520.0;-500.0;-480.0;-460.0;-440.0;-420.0;-400.0;-380.0;-360.0;-340.0;-320.0;-300.0;-280.0;-260.0;-240.0;-220.0;-200.0;-180.0;-160.0;-140.0;-120.0;-100.0;-80.0;-60.0;-40.0;-20.0;0.0;20.0;40.0;60.0;80.0;100.0;120.0;140.0;160.0;180.0;240.0;260.0;280.0;300.0;320.0;340.0;360.0;380.0;400.0;420.0;440.0;460.0;480.0;500.0;520.0;540.0
-1.153635;-1.208774;-0.917705;0.182042;0.317465;1.130617;1.606113;2.076058;1.868392;1.214713;0.76727;0.467472;0.282923;-0.805902;-1.306537;-1.149224;-1.212286;-1.214445;-1.153635;-1.208774;-0.917705;0.182042;0.317465;1.130617;1.606113;2.076058;1.868392;1.214713;0.76727;0.467472;0.282923;-0.805902;-1.306537;-1.149224;-1.212286;-1.214445;-1.153635;-1.208774;-0.917705;1.130617;1.606113;2.076058;1.868392;1.214713;0.76727;0.467472;0.282923;-0.805902;-1.306537;-1.149224;-1.212286;-1.214445;-1.153635;-1.208774
-560.0;-540.0;-520.0;-500.0;-480.0;-460.0;-440.0;-420.0;-400.0;-380.0;-360.0;-340.0;-320.0;-300.0;-280.0;-260.0;-240.0;-220.0;-200.0;-180.0;-160.0;-140.0;-120.0;-100.0;-80.0;-60.0;-40.0;-20.0;0.0;20.0;40.0;60.0;80.0;100.0;120.0;140.0;160.0;180.0;240.0;260.0;280.0;300.0;320.0;340.0;360.0;380.0;400.0;420.0;440.0;460.0;480.0;500.0;520.0;540.0
-0.308045;-0.664691;-0.451605;0.213218;-0.167171;1.977809;1.960723;2.874744;2.762621;2.310958;1.38869;0.786744;0.570002;-0.692397;-0.893527;-0.505431;-0.340212;-0.232952;-0.308045;-0.664691;-0.451605;0.213218;-0.167171;1.977809;1.960723;2.874744;2.762621;2.310958;1.38869;0.786744;0.570002;-0.692397;-0.893527;-0.505431;-0.340212;-0.232952;-0.308045;-0.664691;-0.451605;1.977809;1.960723;2.874744;2.762621;2.310958;1.38869;0.786744;0.570002;-0.692397;-0.893527;-0.505431;-0.340212;-0.232952;-0.308045;-0.664691
-560.0;-540.0;-520.0;-500.0;-440.0;-420.0;-400.0;-380.0;-360.0;-340.0;-320.0;-300.0;-280.0;-260.0;-240.0;-220.0;-200.0;-180.0;-160.0;-140.0;-80.0;-60.0;-40.0;-20.0;0.0;20.0;40.0;60.0;80.0;100.0;120.0;140.0;160.0;180.0;240.0;280.0;300.0;320.0;340.0;360.0;380.0;400.0;420.0;440.0;460.0;480.0;500.0;520.0;540.0
0.13831;-0.048782;-0.2731;-0.732265;2.681616;2.987575;2.889228;2.629402;1.937011;1.055665;-0.584381;0.171265;0.334859;0.494623;0.342833;0.243463;0.13831;-0.048782;-0.2731;-0.732265;2.681616;2.987575;2.889228;2.629402;1.937011;1.055665;-0.584381;0.171265;0.334859;0.494623;0.342833;0.243463;0.13831;-0.048782;-0.2731;2.681616;2.987575;2.889228;2.629402;1.937011;1.055665;-0.584381;0.171265;0.334859;0.494623;0.342833;0.243463;0.13831;-0.048782
-560.0;-520.0;-500.0;-440.0;-420.0;-400.0;-380.0;-360.0;-260.0;-240.0;-220.0;-200.0;-160.0;-140.0;-80.0;-60.0;-40.0;-20.0;0.0;100.0;120.0;140.0;160.0;240.0;280.0;300.0;320.0;340.0;360.0;460.0;480.0;500.0;520.0
-0.246914;-0.732265;-0.732265;4.501297;3.108828;3.010369;2.798314;2.117036;-0.146661;0.460325;0.343379;-0.246914;-0.732265;-0.732265;4.501297;3.108828;3.010369;2.798314;2.117036;-0.146661;0.460325;0.343379;-0.246914;-0.732265;4.501297;3.108828;3.010369;2.798314;2.117036;-0.146661;0.460325;0.343379;-0.246914
-560.0;-420.0;-400.0;-240.0;-220.0;-200.0;-60.0;-40.0;120.0;140.0;160.0;300.0;320.0;480.0;500.0
-2.651145;3.505966;3.505966;-0.48637;-1.568758;-2.651145;3.505966;3.505966;-0.48637;-1.568758;-2.651145;3.505966;3.505966;-0.48637;-1.568758
-520.0;-500.0;-480.0;-360.0;-340.0;-320.0;-300.0;-160.0;-140.0;-120.0;0.0;20.0;40.0;60.0;240.0;360.0;380.0;400.0;420.0
0.963764;0.93224;0.924359;1.492407;0.739071;0.750735;0.851027;0.963764;0.93224;0.924359;1.492407;0.739071;0.750735;0.851027;0.963764;1.492407;0.739071;0.750735;0.851027
-540.0;-520.0;-500.0;-480.0;-460.0;-380.0;-360.0;-340.0;-320.0;-300.0;-280.0;-260.0;-180.0;-160.0;-140.0;-120.0;-100.0;-20.0;0.0;20.0;40.0;60.0;80.0;100.0;180.0;240.0;260.0;340.0;360.0;380.0;400.0;420.0;440.0;460.0;540.0
-0.934988;-0.376661;0.864288;1.107905;0.814823;1.262393;0.853777;0.87128;0.888426;0.768713;0.106767;-0.3309;-0.934988;-0.376661;0.864288;1.107905;0.814823;1.262393;0.853777;0.87128;0.888426;0.768713;0.106767;-0.3309;-0.934988;-0.376661;0.814823;1.262393;0.853777;0.87128;0.888426;0.768713;0.106767;-0.3309;-0.934988
-560.0;-540.0;-520.0;-500.0;-480.0;-460.0;-400.0;-380.0;-360.0;-340.0;-320.0;-300.0;-280.0;-260.0;-200.0;-180.0;-160.0;-140.0;-120.0;-100.0;-40.0;-20.0;0.0;20.0;40.0;60.0;80.0;100.0;160.0;180.0;240.0;260.0;320.0;340.0;360.0;380.0;400.0;420.0;440.0;460.0;520.0;540.0
0.071491;-0.697061;-0.863349;0.42298;0.832663;0.814823;0.175818;0.37968;0.497093;0.774932;1.155062;0.365212;0.106767;-0.3309;0.071491;-0.697061;-0.863349;0.42298;0.832663;0.814823;0.175818;0.37968;0.497093;0.774932;1.155062;0.365212;0.106767;-0.3309;0.071491;-0.697061;-0.863349;0.814823;0.175818;0.37968;0.497093;0.774932;1.155062;0.365212;0.106767;-0.3309;0.071491;-0.697061
-560.0;-540.0;-520.0;-500.0;-480.0;-400.0;-380.0;-360.0;-340.0;-320.0;-200.0;-180.0;-160.0;-140.0;-120.0;-40.0;-20.0;0.0;20.0;40.0;160.0;180.0;240.0;320.0;340.0;360.0;380.0;400.0;520.0;540.0
0.071491;-0.713759;-1.302697;-1.00249;-1.00249;0.492422;0.234794;0.292043;0.441513;0.63857;0.071491;-0.713759;-1.302697;-1.00249;-1.00249;0.492422;0.234794;0.292043;0.441513;0.63857;0.071491;-0.713759;-1.302697;0.492422;0.234794;0.292043;0.441513;0.63857;0.071491;-0.713759
-560.0;-540.0;-520.0;-400.0;-380.0;-360.0;-340.0;-320.0;-200.0;-180.0;-160.0;-40.0;-20.0;0.0;20.0;40.0;160.0;180.0;240.0;320.0;340.0;360.0;380.0;400.0;520.0;540.0
-1.574026;-1.550876;-1.527727;0.650724;0.451341;0.309775;0.308646;0.616581;-1.574026;-1.550876;-1.527727;0.650724;0.451341;0.309775;0.308646;0.616581;-1.574026;-1.550876;-1.527727;0.650724;0.451341;0.309775;0.308646;0.616581;-1.574026;-1.550876
-560.0;-540.0;-520.0;-500.0;-400.0;-380.0;-200.0;-180.0;-160.0;-140.0;-40.0;-20.0;160.0;180.0;240.0;320.0;340.0;520.0;540.0
-1.379456;-1.379456;-0.134397;-0.134397;1.087278;1.087278;-1.379456;-1.379456;-0.134397;-0.134397;1.087278;1.087278;-1.379456;-1.379456;-0.134397;1.087278;1.087278;-1.379456;-1.379456
-560.0;-540.0;-520.0;-500.0;-400.0;-380.0;-200.0;-180.0;-160.0;-140.0;-40.0;-20.0;160.0;180.0;240.0;320.0;340.0;520.0;540.0
-0.75323;-0.621696;-0.10986;0.138909;1.087278;1.087278;-0.75323;-0.621696;-0.10986;0.138909;1.087278;1.087278;-0.75323;-0.621696;-0.10986;1.087278;1.087278;-0.75323;-0.621696
-560.0;-540.0;-520.0;-500.0;-240.0;-220.0;-200.0;-180.0;-160.0;-140.0;120.0;140.0;160.0;180.0;240.0;480.0;500.0;520.0;540.0
-0.998287;-0.772857;-0.431164;-0.199926;-1.209615;-1.167803;-0.998287;-0.772857;-0.431164;-0.199926;-1.209615;-1.167803;-0.998287;-0.772857;-0.431164;-1.209615;-1.167803;-0.998287;-0.772857
-560.0;-540.0;-520.0;-500.0;-420.0;-400.0;-360.0;-340.0;-320.0;-300.0;-280.0;-260.0;-240.0;-220.0;-200.0;-180.0;-160.0;-140.0;-60.0;-40.0;0.0;20.0;40.0;60.0;80.0;100.0;120.0;140.0;160.0;180.0;240.0;300.0;320.0;360.0;380.0;400.0;420.0;440.0;460.0;480.0;500.0;520.0;540.0
-1.285892;-1.010394;-0.82283;-0.728222;0.622162;0.622162;0.715175;0.715175;-2.009686;-1.295981;-1.17703;-0.910832;-1.193368;-1.426493;-1.285892;-1.010394;-0.82283;-0.728222;0.622162;0.622162;0.715175;0.715175;-2.009686;-1.295981;-1.17703;-0.910832;-1.193368;-1.426493;-1.285892;-1.010394;-0.82283;0.622162;0.622162;0.715175;0.715175;-2.009686;-1.295981;-1.17703;-0.910832;-1.193368;-1.426493;-1.285892;-1.010394
