CA chi aa
-0.113053451613
-0.517486;0.761690666667;-0.379050666667;-0.336714;-0.462124333333;0.179544;0.660183666667;-0.2595475;-0.063819;-0.0746316666667;-0.167129666667;-0.014278;-0.9015435;0.204513666667;0.29854275;0.08058525;0.30009225;-0.448057;-0.955763;-0.624282666667
-0.479493722222;0.203265705882;-0.0435448333333;-0.101742142857;-0.517486;0.179544
A;C;D;E;F;G;H;I;K;L;M;N;P;Q;R;S;T;V;W;Y
60.000000;180.000000;300.000000;Unknown;ALA;GLY
0.0;0.0;0.0;0.0;-0.517486;0.0
60.000000;180.000000;300.000000;Unknown;ALA;GLY
-0.272707;1.145797;1.411982;0.0;0.0;0.0
60.000000;180.000000;300.000000;Unknown;ALA;GLY
-1.124416;0.01819;-0.030926;0.0;0.0;0.0
60.000000;180.000000;300.000000;Unknown;ALA;GLY
-0.564665;-0.447302;-0.389946;0.055057;0.0;0.0
60.000000;180.000000;300.000000;Unknown;ALA;GLY
-1.273976;0.348254;-0.460651;0.0;0.0;0.0
60.000000;180.000000;300.000000;Unknown;ALA;GLY
0.0;0.0;0.0;0.0;0.0;0.179544
60.000000;180.000000;300.000000;Unknown;ALA;GLY
0.25435;1.097663;0.628538;0.0;0.0;0.0
60.000000;180.000000;300.000000;Unknown;ALA;GLY
-0.490565;-0.140653;0.063693;-0.470665;0.0;0.0
60.000000;180.000000;300.000000;Unknown;ALA;GLY
0.391889;0.174708;0.056532;-0.878405;0.0;0.0
60.000000;180.000000;300.000000;Unknown;ALA;GLY
0.355156;-0.076827;-0.502224;0.0;0.0;0.0
60.000000;180.000000;300.000000;Unknown;ALA;GLY
-0.407315;0.114177;-0.208251;0.0;0.0;0.0
60.000000;180.000000;300.000000;Unknown;ALA;GLY
-0.520154;0.459315;0.018005;0.0;0.0;0.0
60.000000;180.000000;300.000000;Unknown;ALA;GLY
-0.826392;0.0;-0.976695;0.0;0.0;0.0
60.000000;180.000000;300.000000;Unknown;ALA;GLY
0.192625;0.358092;0.062824;0.0;0.0;0.0
60.000000;180.000000;300.000000;Unknown;ALA;GLY
-0.106538;0.292557;0.049502;0.95865;0.0;0.0
60.000000;180.000000;300.000000;Unknown;ALA;GLY
-0.259481;-0.050785;0.087323;0.545284;0.0;0.0
60.000000;180.000000;300.000000;Unknown;ALA;GLY
-0.401102;0.238117;1.615761;-0.252407;0.0;0.0
60.000000;180.000000;300.000000;Unknown;ALA;GLY
-0.796735;0.660262;-0.986046;-0.669709;0.0;0.0
60.000000;180.000000;300.000000;Unknown;ALA;GLY
-1.476697;-0.301772;-1.08882;0.0;0.0;0.0
60.000000;180.000000;300.000000;Unknown;ALA;GLY
-1.304164;-0.434276;-0.134408;0.0;0.0;0.0
