-560.000000;-540.000000;-520.000000;-500.000000;-480.000000;-460.000000;-440.000000;-420.000000;-400.000000;-380.000000;-320.000000;-300.000000;-280.000000;-260.000000;-240.000000;-220.000000;-200.000000;-180.000000;-160.000000;-140.000000;-120.000000;-100.000000;-80.000000;-60.000000;-40.000000;-20.000000;40.000000;60.000000;80.000000;100.000000;120.000000;140.000000;160.000000;180.000000;200.000000;220.000000;240.000000;260.000000;280.000000;300.000000;320.000000;340.000000;400.000000;420.000000;440.000000;460.000000;480.000000;500.000000;520.000000;540.000000
-560.000000;-540.000000;-520.000000;-500.000000;-400.000000;-380.000000;-200.000000;-180.000000;-160.000000;-140.000000;-40.000000;-20.000000;160.000000;180.000000;200.000000;220.000000;320.000000;340.000000;520.000000;540.000000
-0.753230;-0.621696;-0.109860;0.138909;1.087278;1.087278;-0.753230;-0.621696;-0.109860;0.138909;1.087278;1.087278;-0.753230;-0.621696;-0.109860;0.138909;1.087278;1.087278;-0.753230;-0.621696
-560.000000;-540.000000;-520.000000;-500.000000;-240.000000;-220.000000;-200.000000;-180.000000;-160.000000;-140.000000;120.000000;140.000000;160.000000;180.000000;200.000000;220.000000;480.000000;500.000000;520.000000;540.000000
-0.998287;-0.772857;-0.431164;-0.199926;-1.209615;-1.167803;-0.998287;-0.772857;-0.431164;-0.199926;-1.209615;-1.167803;-0.998287;-0.772857;-0.431164;-0.199926;-1.209615;-1.167803;-0.998287;-0.772857
-560.000000;-540.000000;-520.000000;-500.000000;-420.000000;-400.000000;-360.000000;-340.000000;-320.000000;-300.000000;-280.000000;-260.000000;-240.000000;-220.000000;-200.000000;-180.000000;-160.000000;-140.000000;-60.000000;-40.000000;0.000000;20.000000;40.000000;60.000000;80.000000;100.000000;120.000000;140.000000;160.000000;180.000000;200.000000;220.000000;300.000000;320.000000;360.000000;380.000000;400.000000;420.000000;440.000000;460.000000;480.000000;500.000000;520.000000;540.000000
-1.285892;-1.010394;-0.822830;-0.728222;0.622162;0.622162;0.715175;0.715175;-2.009686;-1.295981;-1.177030;-0.910832;-1.193368;-1.426493;-1.285892;-1.010394;-0.822830;-0.728222;0.622162;0.622162;0.715175;0.715175;-2.009686;-1.295981;-1.177030;-0.910832;-1.193368;-1.426493;-1.285892;-1.010394;-0.822830;-0.728222;0.622162;0.622162;0.715175;0.715175;-2.009686;-1.295981;-1.177030;-0.910832;-1.193368;-1.426493;-1.285892;-1.010394
-560.000000;-540.000000;-520.000000;-500.000000;-460.000000;-440.000000;-420.000000;-400.000000;-380.000000;-360.000000;-340.000000;-320.000000;-300.000000;-280.000000;-260.000000;-240.000000;-220.000000;-200.000000;-180.000000;-160.000000;-140.000000;-100.000000;-80.000000;-60.000000;-40.000000;-20.000000;0.000000;20.000000;40.000000;60.000000;80.000000;100.000000;120.000000;140.000000;160.000000;180.000000;200.000000;220.000000;260.000000;280.000000;300.000000;320.000000;340.000000;360.000000;380.000000;400.000000;420.000000;440.000000;460.000000;480.000000;500.000000;520.000000;540.000000
-1.627387;-1.425114;-0.968931;-0.876372;0.823301;1.027041;1.390140;1.291407;-0.136721;-0.045242;0.121865;-0.408402;-1.265928;-1.904866;-1.572076;-1.567234;-1.666617;-1.627387;-1.425114;-0.968931;-0.876372;0.823301;1.027041;1.390140;1.291407;-0.136721;-0.045242;0.121865;-0.408402;-1.265928;-1.904866;-1.572076;-1.567234;-1.666617;-1.627387;-1.425114;-0.968931;-0.876372;0.823301;1.027041;1.390140;1.291407;-0.136721;-0.045242;0.121865;-0.408402;-1.265928;-1.904866;-1.572076;-1.567234;-1.666617;-1.627387;-1.425114
-560.000000;-540.000000;-520.000000;-500.000000;-480.000000;-460.000000;-440.000000;-420.000000;-400.000000;-380.000000;-360.000000;-340.000000;-320.000000;-300.000000;-280.000000;-260.000000;-240.000000;-220.000000;-200.000000;-180.000000;-160.000000;-140.000000;-120.000000;-100.000000;-80.000000;-60.000000;-40.000000;-20.000000;0.000000;20.000000;40.000000;60.000000;80.000000;100.000000;120.000000;140.000000;160.000000;180.000000;200.000000;220.000000;240.000000;260.000000;280.000000;300.000000;320.000000;340.000000;360.000000;380.000000;400.000000;420.000000;440.000000;460.000000;480.000000;500.000000;520.000000;540.000000
-1.674570;-1.771817;-1.242389;0.150867;0.559783;0.553363;1.198384;1.708821;1.427772;0.399476;0.350900;0.226957;-0.112164;-0.944228;-1.959988;-1.575919;-1.599413;-1.628607;-1.674570;-1.771817;-1.242389;0.150867;0.559783;0.553363;1.198384;1.708821;1.427772;0.399476;0.350900;0.226957;-0.112164;-0.944228;-1.959988;-1.575919;-1.599413;-1.628607;-1.674570;-1.771817;-1.242389;0.150867;0.559783;0.553363;1.198384;1.708821;1.427772;0.399476;0.350900;0.226957;-0.112164;-0.944228;-1.959988;-1.575919;-1.599413;-1.628607;-1.674570;-1.771817
-560.000000;-540.000000;-520.000000;-500.000000;-480.000000;-460.000000;-440.000000;-420.000000;-400.000000;-380.000000;-360.000000;-340.000000;-320.000000;-300.000000;-280.000000;-260.000000;-240.000000;-220.000000;-200.000000;-180.000000;-160.000000;-140.000000;-120.000000;-100.000000;-80.000000;-60.000000;-40.000000;-20.000000;0.000000;20.000000;40.000000;60.000000;80.000000;100.000000;120.000000;140.000000;160.000000;180.000000;200.000000;220.000000;240.000000;260.000000;280.000000;300.000000;320.000000;340.000000;360.000000;380.000000;400.000000;420.000000;440.000000;460.000000;480.000000;500.000000;520.000000;540.000000
-1.153635;-1.208774;-0.917705;0.182042;0.317465;1.130617;1.606113;2.076058;1.868392;1.214713;0.767270;0.467472;0.282923;-0.805902;-1.306537;-1.149224;-1.212286;-1.214445;-1.153635;-1.208774;-0.917705;0.182042;0.317465;1.130617;1.606113;2.076058;1.868392;1.214713;0.767270;0.467472;0.282923;-0.805902;-1.306537;-1.149224;-1.212286;-1.214445;-1.153635;-1.208774;-0.917705;0.182042;0.317465;1.130617;1.606113;2.076058;1.868392;1.214713;0.767270;0.467472;0.282923;-0.805902;-1.306537;-1.149224;-1.212286;-1.214445;-1.153635;-1.208774
-560.000000;-540.000000;-520.000000;-500.000000;-480.000000;-460.000000;-440.000000;-420.000000;-400.000000;-380.000000;-360.000000;-340.000000;-320.000000;-300.000000;-280.000000;-260.000000;-240.000000;-220.000000;-200.000000;-180.000000;-160.000000;-140.000000;-120.000000;-100.000000;-80.000000;-60.000000;-40.000000;-20.000000;0.000000;20.000000;40.000000;60.000000;80.000000;100.000000;120.000000;140.000000;160.000000;180.000000;200.000000;220.000000;240.000000;260.000000;280.000000;300.000000;320.000000;340.000000;360.000000;380.000000;400.000000;420.000000;440.000000;460.000000;480.000000;500.000000;520.000000;540.000000
-0.308045;-0.664691;-0.451605;0.213218;-0.167171;1.977809;1.960723;2.874744;2.762621;2.310958;1.388690;0.786744;0.570002;-0.692397;-0.893527;-0.505431;-0.340212;-0.232952;-0.308045;-0.664691;-0.451605;0.213218;-0.167171;1.977809;1.960723;2.874744;2.762621;2.310958;1.388690;0.786744;0.570002;-0.692397;-0.893527;-0.505431;-0.340212;-0.232952;-0.308045;-0.664691;-0.451605;0.213218;-0.167171;1.977809;1.960723;2.874744;2.762621;2.310958;1.388690;0.786744;0.570002;-0.692397;-0.893527;-0.505431;-0.340212;-0.232952;-0.308045;-0.664691
-560.000000;-540.000000;-520.000000;-500.000000;-440.000000;-420.000000;-400.000000;-380.000000;-360.000000;-340.000000;-320.000000;-300.000000;-280.000000;-260.000000;-240.000000;-220.000000;-200.000000;-180.000000;-160.000000;-140.000000;-80.000000;-60.000000;-40.000000;-20.000000;0.000000;20.000000;40.000000;60.000000;80.000000;100.000000;120.000000;140.000000;160.000000;180.000000;200.000000;220.000000;280.000000;300.000000;320.000000;340.000000;360.000000;380.000000;400.000000;420.000000;440.000000;460.000000;480.000000;500.000000;520.000000;540.000000
0.138310;-0.048782;-0.273100;-0.732265;2.681616;2.987575;2.889228;2.629402;1.937011;1.055665;-0.584381;0.171265;0.334859;0.494623;0.342833;0.243463;0.138310;-0.048782;-0.273100;-0.732265;2.681616;2.987575;2.889228;2.629402;1.937011;1.055665;-0.584381;0.171265;0.334859;0.494623;0.342833;0.243463;0.138310;-0.048782;-0.273100;-0.732265;2.681616;2.987575;2.889228;2.629402;1.937011;1.055665;-0.584381;0.171265;0.334859;0.494623;0.342833;0.243463;0.138310;-0.048782
-560.000000;-520.000000;-500.000000;-440.000000;-420.000000;-400.000000;-380.000000;-360.000000;-260.000000;-240.000000;-220.000000;-200.000000;-160.000000;-140.000000;-80.000000;-60.000000;-40.000000;-20.000000;0.000000;100.000000;120.000000;140.000000;160.000000;200.000000;220.000000;280.000000;300.000000;320.000000;340.000000;360.000000;460.000000;480.000000;500.000000;520.000000
-0.246914;-0.732265;-0.732265;4.501297;3.108828;3.010369;2.798314;2.117036;-0.146661;0.460325;0.343379;-0.246914;-0.732265;-0.732265;4.501297;3.108828;3.010369;2.798314;2.117036;-0.146661;0.460325;0.343379;-0.246914;-0.732265;-0.732265;4.501297;3.108828;3.010369;2.798314;2.117036;-0.146661;0.460325;0.343379;-0.246914
-560.000000;-420.000000;-400.000000;-240.000000;-220.000000;-200.000000;-60.000000;-40.000000;120.000000;140.000000;160.000000;300.000000;320.000000;480.000000;500.000000
-2.651145;3.505966;3.505966;-0.486370;-1.568758;-2.651145;3.505966;3.505966;-0.486370;-1.568758;-2.651145;3.505966;3.505966;-0.486370;-1.568758
-520.000000;-500.000000;-480.000000;-360.000000;-340.000000;-320.000000;-300.000000;-160.000000;-140.000000;-120.000000;0.000000;20.000000;40.000000;60.000000;200.000000;220.000000;240.000000;360.000000;380.000000;400.000000;420.000000
0.963764;0.932240;0.924359;1.492407;0.739071;0.750735;0.851027;0.963764;0.932240;0.924359;1.492407;0.739071;0.750735;0.851027;0.963764;0.932240;0.924359;1.492407;0.739071;0.750735;0.851027
-540.000000;-520.000000;-500.000000;-480.000000;-460.000000;-380.000000;-360.000000;-340.000000;-320.000000;-300.000000;-280.000000;-260.000000;-180.000000;-160.000000;-140.000000;-120.000000;-100.000000;-20.000000;0.000000;20.000000;40.000000;60.000000;80.000000;100.000000;180.000000;200.000000;220.000000;240.000000;260.000000;340.000000;360.000000;380.000000;400.000000;420.000000;440.000000;460.000000;540.000000
-0.934988;-0.376661;0.864288;1.107905;0.814823;1.262393;0.853777;0.871280;0.888426;0.768713;0.106767;-0.330900;-0.934988;-0.376661;0.864288;1.107905;0.814823;1.262393;0.853777;0.871280;0.888426;0.768713;0.106767;-0.330900;-0.934988;-0.376661;0.864288;1.107905;0.814823;1.262393;0.853777;0.871280;0.888426;0.768713;0.106767;-0.330900;-0.934988
-560.000000;-540.000000;-520.000000;-500.000000;-480.000000;-460.000000;-400.000000;-380.000000;-360.000000;-340.000000;-320.000000;-300.000000;-280.000000;-260.000000;-200.000000;-180.000000;-160.000000;-140.000000;-120.000000;-100.000000;-40.000000;-20.000000;0.000000;20.000000;40.000000;60.000000;80.000000;100.000000;160.000000;180.000000;200.000000;220.000000;240.000000;260.000000;320.000000;340.000000;360.000000;380.000000;400.000000;420.000000;440.000000;460.000000;520.000000;540.000000
0.071491;-0.697061;-0.863349;0.422980;0.832663;0.814823;0.175818;0.379680;0.497093;0.774932;1.155062;0.365212;0.106767;-0.330900;0.071491;-0.697061;-0.863349;0.422980;0.832663;0.814823;0.175818;0.379680;0.497093;0.774932;1.155062;0.365212;0.106767;-0.330900;0.071491;-0.697061;-0.863349;0.422980;0.832663;0.814823;0.175818;0.379680;0.497093;0.774932;1.155062;0.365212;0.106767;-0.330900;0.071491;-0.697061
-560.000000;-540.000000;-520.000000;-500.000000;-480.000000;-400.000000;-380.000000;-360.000000;-340.000000;-320.000000;-200.000000;-180.000000;-160.000000;-140.000000;-120.000000;-40.000000;-20.000000;0.000000;20.000000;40.000000;160.000000;180.000000;200.000000;220.000000;240.000000;320.000000;340.000000;360.000000;380.000000;400.000000;520.000000;540.000000
0.071491;-0.713759;-1.302697;-1.002490;-1.002490;0.492422;0.234794;0.292043;0.441513;0.638570;0.071491;-0.713759;-1.302697;-1.002490;-1.002490;0.492422;0.234794;0.292043;0.441513;0.638570;0.071491;-0.713759;-1.302697;-1.002490;-1.002490;0.492422;0.234794;0.292043;0.441513;0.638570;0.071491;-0.713759
-560.000000;-540.000000;-520.000000;-400.000000;-380.000000;-360.000000;-340.000000;-320.000000;-200.000000;-180.000000;-160.000000;-40.000000;-20.000000;0.000000;20.000000;40.000000;160.000000;180.000000;200.000000;320.000000;340.000000;360.000000;380.000000;400.000000;520.000000;540.000000
-1.574026;-1.550876;-1.527727;0.650724;0.451341;0.309775;0.308646;0.616581;-1.574026;-1.550876;-1.527727;0.650724;0.451341;0.309775;0.308646;0.616581;-1.574026;-1.550876;-1.527727;0.650724;0.451341;0.309775;0.308646;0.616581;-1.574026;-1.550876
-560.000000;-540.000000;-520.000000;-500.000000;-400.000000;-380.000000;-200.000000;-180.000000;-160.000000;-140.000000;-40.000000;-20.000000;160.000000;180.000000;200.000000;220.000000;320.000000;340.000000;520.000000;540.000000
-1.379456;-1.379456;-0.134397;-0.134397;1.087278;1.087278;-1.379456;-1.379456;-0.134397;-0.134397;1.087278;1.087278;-1.379456;-1.379456;-0.134397;-0.134397;1.087278;1.087278;-1.379456;-1.379456
-560.000000;-540.000000;-520.000000;-500.000000;-400.000000;-380.000000;-200.000000;-180.000000;-160.000000;-140.000000;-40.000000;-20.000000;160.000000;180.000000;200.000000;220.000000;320.000000;340.000000;520.000000;540.000000
-0.753230;-0.621696;-0.109860;0.138909;1.087278;1.087278;-0.753230;-0.621696;-0.109860;0.138909;1.087278;1.087278;-0.753230;-0.621696;-0.109860;0.138909;1.087278;1.087278;-0.753230;-0.621696
-560.000000;-540.000000;-520.000000;-500.000000;-240.000000;-220.000000;-200.000000;-180.000000;-160.000000;-140.000000;120.000000;140.000000;160.000000;180.000000;200.000000;220.000000;480.000000;500.000000;520.000000;540.000000
-0.998287;-0.772857;-0.431164;-0.199926;-1.209615;-1.167803;-0.998287;-0.772857;-0.431164;-0.199926;-1.209615;-1.167803;-0.998287;-0.772857;-0.431164;-0.199926;-1.209615;-1.167803;-0.998287;-0.772857
-560.000000;-540.000000;-520.000000;-500.000000;-420.000000;-400.000000;-360.000000;-340.000000;-320.000000;-300.000000;-280.000000;-260.000000;-240.000000;-220.000000;-200.000000;-180.000000;-160.000000;-140.000000;-60.000000;-40.000000;0.000000;20.000000;40.000000;60.000000;80.000000;100.000000;120.000000;140.000000;160.000000;180.000000;200.000000;220.000000;300.000000;320.000000;360.000000;380.000000;400.000000;420.000000;440.000000;460.000000;480.000000;500.000000;520.000000;540.000000
-1.285892;-1.010394;-0.822830;-0.728222;0.622162;0.622162;0.715175;0.715175;-2.009686;-1.295981;-1.177030;-0.910832;-1.193368;-1.426493;-1.285892;-1.010394;-0.822830;-0.728222;0.622162;0.622162;0.715175;0.715175;-2.009686;-1.295981;-1.177030;-0.910832;-1.193368;-1.426493;-1.285892;-1.010394;-0.822830;-0.728222;0.622162;0.622162;0.715175;0.715175;-2.009686;-1.295981;-1.177030;-0.910832;-1.193368;-1.426493;-1.285892;-1.010394
-560.000000;-540.000000;-520.000000;-500.000000;-460.000000;-440.000000;-420.000000;-400.000000;-380.000000;-360.000000;-340.000000;-320.000000;-300.000000;-280.000000;-260.000000;-240.000000;-220.000000;-200.000000;-180.000000;-160.000000;-140.000000;-100.000000;-80.000000;-60.000000;-40.000000;-20.000000;0.000000;20.000000;40.000000;60.000000;80.000000;100.000000;120.000000;140.000000;160.000000;180.000000;200.000000;220.000000;260.000000;280.000000;300.000000;320.000000;340.000000;360.000000;380.000000;400.000000;420.000000;440.000000;460.000000;480.000000;500.000000;520.000000;540.000000
-1.627387;-1.425114;-0.968931;-0.876372;0.823301;1.027041;1.390140;1.291407;-0.136721;-0.045242;0.121865;-0.408402;-1.265928;-1.904866;-1.572076;-1.567234;-1.666617;-1.627387;-1.425114;-0.968931;-0.876372;0.823301;1.027041;1.390140;1.291407;-0.136721;-0.045242;0.121865;-0.408402;-1.265928;-1.904866;-1.572076;-1.567234;-1.666617;-1.627387;-1.425114;-0.968931;-0.876372;0.823301;1.027041;1.390140;1.291407;-0.136721;-0.045242;0.121865;-0.408402;-1.265928;-1.904866;-1.572076;-1.567234;-1.666617;-1.627387;-1.425114
-560.000000;-540.000000;-520.000000;-500.000000;-480.000000;-460.000000;-440.000000;-420.000000;-400.000000;-380.000000;-360.000000;-340.000000;-320.000000;-300.000000;-280.000000;-260.000000;-240.000000;-220.000000;-200.000000;-180.000000;-160.000000;-140.000000;-120.000000;-100.000000;-80.000000;-60.000000;-40.000000;-20.000000;0.000000;20.000000;40.000000;60.000000;80.000000;100.000000;120.000000;140.000000;160.000000;180.000000;200.000000;220.000000;240.000000;260.000000;280.000000;300.000000;320.000000;340.000000;360.000000;380.000000;400.000000;420.000000;440.000000;460.000000;480.000000;500.000000;520.000000;540.000000
-1.674570;-1.771817;-1.242389;0.150867;0.559783;0.553363;1.198384;1.708821;1.427772;0.399476;0.350900;0.226957;-0.112164;-0.944228;-1.959988;-1.575919;-1.599413;-1.628607;-1.674570;-1.771817;-1.242389;0.150867;0.559783;0.553363;1.198384;1.708821;1.427772;0.399476;0.350900;0.226957;-0.112164;-0.944228;-1.959988;-1.575919;-1.599413;-1.628607;-1.674570;-1.771817;-1.242389;0.150867;0.559783;0.553363;1.198384;1.708821;1.427772;0.399476;0.350900;0.226957;-0.112164;-0.944228;-1.959988;-1.575919;-1.599413;-1.628607;-1.674570;-1.771817
-560.000000;-540.000000;-520.000000;-500.000000;-480.000000;-460.000000;-440.000000;-420.000000;-400.000000;-380.000000;-360.000000;-340.000000;-320.000000;-300.000000;-280.000000;-260.000000;-240.000000;-220.000000;-200.000000;-180.000000;-160.000000;-140.000000;-120.000000;-100.000000;-80.000000;-60.000000;-40.000000;-20.000000;0.000000;20.000000;40.000000;60.000000;80.000000;100.000000;120.000000;140.000000;160.000000;180.000000;200.000000;220.000000;240.000000;260.000000;280.000000;300.000000;320.000000;340.000000;360.000000;380.000000;400.000000;420.000000;440.000000;460.000000;480.000000;500.000000;520.000000;540.000000
-1.153635;-1.208774;-0.917705;0.182042;0.317465;1.130617;1.606113;2.076058;1.868392;1.214713;0.767270;0.467472;0.282923;-0.805902;-1.306537;-1.149224;-1.212286;-1.214445;-1.153635;-1.208774;-0.917705;0.182042;0.317465;1.130617;1.606113;2.076058;1.868392;1.214713;0.767270;0.467472;0.282923;-0.805902;-1.306537;-1.149224;-1.212286;-1.214445;-1.153635;-1.208774;-0.917705;0.182042;0.317465;1.130617;1.606113;2.076058;1.868392;1.214713;0.767270;0.467472;0.282923;-0.805902;-1.306537;-1.149224;-1.212286;-1.214445;-1.153635;-1.208774
-560.000000;-540.000000;-520.000000;-500.000000;-480.000000;-460.000000;-440.000000;-420.000000;-400.000000;-380.000000;-360.000000;-340.000000;-320.000000;-300.000000;-280.000000;-260.000000;-240.000000;-220.000000;-200.000000;-180.000000;-160.000000;-140.000000;-120.000000;-100.000000;-80.000000;-60.000000;-40.000000;-20.000000;0.000000;20.000000;40.000000;60.000000;80.000000;100.000000;120.000000;140.000000;160.000000;180.000000;200.000000;220.000000;240.000000;260.000000;280.000000;300.000000;320.000000;340.000000;360.000000;380.000000;400.000000;420.000000;440.000000;460.000000;480.000000;500.000000;520.000000;540.000000
-0.308045;-0.664691;-0.451605;0.213218;-0.167171;1.977809;1.960723;2.874744;2.762621;2.310958;1.388690;0.786744;0.570002;-0.692397;-0.893527;-0.505431;-0.340212;-0.232952;-0.308045;-0.664691;-0.451605;0.213218;-0.167171;1.977809;1.960723;2.874744;2.762621;2.310958;1.388690;0.786744;0.570002;-0.692397;-0.893527;-0.505431;-0.340212;-0.232952;-0.308045;-0.664691;-0.451605;0.213218;-0.167171;1.977809;1.960723;2.874744;2.762621;2.310958;1.388690;0.786744;0.570002;-0.692397;-0.893527;-0.505431;-0.340212;-0.232952;-0.308045;-0.664691
-560.000000;-540.000000;-520.000000;-500.000000;-440.000000;-420.000000;-400.000000;-380.000000;-360.000000;-340.000000;-320.000000;-300.000000;-280.000000;-260.000000;-240.000000;-220.000000;-200.000000;-180.000000;-160.000000;-140.000000;-80.000000;-60.000000;-40.000000;-20.000000;0.000000;20.000000;40.000000;60.000000;80.000000;100.000000;120.000000;140.000000;160.000000;180.000000;200.000000;220.000000;280.000000;300.000000;320.000000;340.000000;360.000000;380.000000;400.000000;420.000000;440.000000;460.000000;480.000000;500.000000;520.000000;540.000000
0.138310;-0.048782;-0.273100;-0.732265;2.681616;2.987575;2.889228;2.629402;1.937011;1.055665;-0.584381;0.171265;0.334859;0.494623;0.342833;0.243463;0.138310;-0.048782;-0.273100;-0.732265;2.681616;2.987575;2.889228;2.629402;1.937011;1.055665;-0.584381;0.171265;0.334859;0.494623;0.342833;0.243463;0.138310;-0.048782;-0.273100;-0.732265;2.681616;2.987575;2.889228;2.629402;1.937011;1.055665;-0.584381;0.171265;0.334859;0.494623;0.342833;0.243463;0.138310;-0.048782
-560.000000;-520.000000;-500.000000;-440.000000;-420.000000;-400.000000;-380.000000;-360.000000;-260.000000;-240.000000;-220.000000;-200.000000;-160.000000;-140.000000;-80.000000;-60.000000;-40.000000;-20.000000;0.000000;100.000000;120.000000;140.000000;160.000000;200.000000;220.000000;280.000000;300.000000;320.000000;340.000000;360.000000;460.000000;480.000000;500.000000;520.000000
-0.246914;-0.732265;-0.732265;4.501297;3.108828;3.010369;2.798314;2.117036;-0.146661;0.460325;0.343379;-0.246914;-0.732265;-0.732265;4.501297;3.108828;3.010369;2.798314;2.117036;-0.146661;0.460325;0.343379;-0.246914;-0.732265;-0.732265;4.501297;3.108828;3.010369;2.798314;2.117036;-0.146661;0.460325;0.343379;-0.246914
-560.000000;-420.000000;-400.000000;-240.000000;-220.000000;-200.000000;-60.000000;-40.000000;120.000000;140.000000;160.000000;300.000000;320.000000;480.000000;500.000000
-2.651145;3.505966;3.505966;-0.486370;-1.568758;-2.651145;3.505966;3.505966;-0.486370;-1.568758;-2.651145;3.505966;3.505966;-0.486370;-1.568758
-520.000000;-500.000000;-480.000000;-360.000000;-340.000000;-320.000000;-300.000000;-160.000000;-140.000000;-120.000000;0.000000;20.000000;40.000000;60.000000;200.000000;220.000000;240.000000;360.000000;380.000000;400.000000;420.000000
0.963764;0.932240;0.924359;1.492407;0.739071;0.750735;0.851027;0.963764;0.932240;0.924359;1.492407;0.739071;0.750735;0.851027;0.963764;0.932240;0.924359;1.492407;0.739071;0.750735;0.851027
-540.000000;-520.000000;-500.000000;-480.000000;-460.000000;-380.000000;-360.000000;-340.000000;-320.000000;-300.000000;-280.000000;-260.000000;-180.000000;-160.000000;-140.000000;-120.000000;-100.000000;-20.000000;0.000000;20.000000;40.000000;60.000000;80.000000;100.000000;180.000000;200.000000;220.000000;240.000000;260.000000;340.000000;360.000000;380.000000;400.000000;420.000000;440.000000;460.000000;540.000000
-0.934988;-0.376661;0.864288;1.107905;0.814823;1.262393;0.853777;0.871280;0.888426;0.768713;0.106767;-0.330900;-0.934988;-0.376661;0.864288;1.107905;0.814823;1.262393;0.853777;0.871280;0.888426;0.768713;0.106767;-0.330900;-0.934988;-0.376661;0.864288;1.107905;0.814823;1.262393;0.853777;0.871280;0.888426;0.768713;0.106767;-0.330900;-0.934988
-560.000000;-540.000000;-520.000000;-500.000000;-480.000000;-460.000000;-400.000000;-380.000000;-360.000000;-340.000000;-320.000000;-300.000000;-280.000000;-260.000000;-200.000000;-180.000000;-160.000000;-140.000000;-120.000000;-100.000000;-40.000000;-20.000000;0.000000;20.000000;40.000000;60.000000;80.000000;100.000000;160.000000;180.000000;200.000000;220.000000;240.000000;260.000000;320.000000;340.000000;360.000000;380.000000;400.000000;420.000000;440.000000;460.000000;520.000000;540.000000
0.071491;-0.697061;-0.863349;0.422980;0.832663;0.814823;0.175818;0.379680;0.497093;0.774932;1.155062;0.365212;0.106767;-0.330900;0.071491;-0.697061;-0.863349;0.422980;0.832663;0.814823;0.175818;0.379680;0.497093;0.774932;1.155062;0.365212;0.106767;-0.330900;0.071491;-0.697061;-0.863349;0.422980;0.832663;0.814823;0.175818;0.379680;0.497093;0.774932;1.155062;0.365212;0.106767;-0.330900;0.071491;-0.697061
-560.000000;-540.000000;-520.000000;-500.000000;-480.000000;-400.000000;-380.000000;-360.000000;-340.000000;-320.000000;-200.000000;-180.000000;-160.000000;-140.000000;-120.000000;-40.000000;-20.000000;0.000000;20.000000;40.000000;160.000000;180.000000;200.000000;220.000000;240.000000;320.000000;340.000000;360.000000;380.000000;400.000000;520.000000;540.000000
0.071491;-0.713759;-1.302697;-1.002490;-1.002490;0.492422;0.234794;0.292043;0.441513;0.638570;0.071491;-0.713759;-1.302697;-1.002490;-1.002490;0.492422;0.234794;0.292043;0.441513;0.638570;0.071491;-0.713759;-1.302697;-1.002490;-1.002490;0.492422;0.234794;0.292043;0.441513;0.638570;0.071491;-0.713759
-560.000000;-540.000000;-520.000000;-400.000000;-380.000000;-360.000000;-340.000000;-320.000000;-200.000000;-180.000000;-160.000000;-40.000000;-20.000000;0.000000;20.000000;40.000000;160.000000;180.000000;200.000000;320.000000;340.000000;360.000000;380.000000;400.000000;520.000000;540.000000
-1.574026;-1.550876;-1.527727;0.650724;0.451341;0.309775;0.308646;0.616581;-1.574026;-1.550876;-1.527727;0.650724;0.451341;0.309775;0.308646;0.616581;-1.574026;-1.550876;-1.527727;0.650724;0.451341;0.309775;0.308646;0.616581;-1.574026;-1.550876
-560.000000;-540.000000;-520.000000;-500.000000;-400.000000;-380.000000;-200.000000;-180.000000;-160.000000;-140.000000;-40.000000;-20.000000;160.000000;180.000000;200.000000;220.000000;320.000000;340.000000;520.000000;540.000000
-1.379456;-1.379456;-0.134397;-0.134397;1.087278;1.087278;-1.379456;-1.379456;-0.134397;-0.134397;1.087278;1.087278;-1.379456;-1.379456;-0.134397;-0.134397;1.087278;1.087278;-1.379456;-1.379456
-560.000000;-540.000000;-520.000000;-500.000000;-400.000000;-380.000000;-200.000000;-180.000000;-160.000000;-140.000000;-40.000000;-20.000000;160.000000;180.000000;200.000000;220.000000;320.000000;340.000000;520.000000;540.000000
-0.753230;-0.621696;-0.109860;0.138909;1.087278;1.087278;-0.753230;-0.621696;-0.109860;0.138909;1.087278;1.087278;-0.753230;-0.621696;-0.109860;0.138909;1.087278;1.087278;-0.753230;-0.621696
-560.000000;-540.000000;-520.000000;-500.000000;-240.000000;-220.000000;-200.000000;-180.000000;-160.000000;-140.000000;120.000000;140.000000;160.000000;180.000000;200.000000;220.000000;480.000000;500.000000;520.000000;540.000000
-0.998287;-0.772857;-0.431164;-0.199926;-1.209615;-1.167803;-0.998287;-0.772857;-0.431164;-0.199926;-1.209615;-1.167803;-0.998287;-0.772857;-0.431164;-0.199926;-1.209615;-1.167803;-0.998287;-0.772857
-560.000000;-540.000000;-520.000000;-500.000000;-420.000000;-400.000000;-360.000000;-340.000000;-320.000000;-300.000000;-280.000000;-260.000000;-240.000000;-220.000000;-200.000000;-180.000000;-160.000000;-140.000000;-60.000000;-40.000000;0.000000;20.000000;40.000000;60.000000;80.000000;100.000000;120.000000;140.000000;160.000000;180.000000;200.000000;220.000000;300.000000;320.000000;360.000000;380.000000;400.000000;420.000000;440.000000;460.000000;480.000000;500.000000;520.000000;540.000000
-1.285892;-1.010394;-0.822830;-0.728222;0.622162;0.622162;0.715175;0.715175;-2.009686;-1.295981;-1.177030;-0.910832;-1.193368;-1.426493;-1.285892;-1.010394;-0.822830;-0.728222;0.622162;0.622162;0.715175;0.715175;-2.009686;-1.295981;-1.177030;-0.910832;-1.193368;-1.426493;-1.285892;-1.010394;-0.822830;-0.728222;0.622162;0.622162;0.715175;0.715175;-2.009686;-1.295981;-1.177030;-0.910832;-1.193368;-1.426493;-1.285892;-1.010394
-560.000000;-540.000000;-520.000000;-500.000000;-460.000000;-440.000000;-420.000000;-400.000000;-380.000000;-360.000000;-340.000000;-320.000000;-300.000000;-280.000000;-260.000000;-240.000000;-220.000000;-200.000000;-180.000000;-160.000000;-140.000000;-100.000000;-80.000000;-60.000000;-40.000000;-20.000000;0.000000;20.000000;40.000000;60.000000;80.000000;100.000000;120.000000;140.000000;160.000000;180.000000;200.000000;220.000000;260.000000;280.000000;300.000000;320.000000;340.000000;360.000000;380.000000;400.000000;420.000000;440.000000;460.000000;480.000000;500.000000;520.000000;540.000000
-1.627387;-1.425114;-0.968931;-0.876372;0.823301;1.027041;1.390140;1.291407;-0.136721;-0.045242;0.121865;-0.408402;-1.265928;-1.904866;-1.572076;-1.567234;-1.666617;-1.627387;-1.425114;-0.968931;-0.876372;0.823301;1.027041;1.390140;1.291407;-0.136721;-0.045242;0.121865;-0.408402;-1.265928;-1.904866;-1.572076;-1.567234;-1.666617;-1.627387;-1.425114;-0.968931;-0.876372;0.823301;1.027041;1.390140;1.291407;-0.136721;-0.045242;0.121865;-0.408402;-1.265928;-1.904866;-1.572076;-1.567234;-1.666617;-1.627387;-1.425114
-560.000000;-540.000000;-520.000000;-500.000000;-480.000000;-460.000000;-440.000000;-420.000000;-400.000000;-380.000000;-360.000000;-340.000000;-320.000000;-300.000000;-280.000000;-260.000000;-240.000000;-220.000000;-200.000000;-180.000000;-160.000000;-140.000000;-120.000000;-100.000000;-80.000000;-60.000000;-40.000000;-20.000000;0.000000;20.000000;40.000000;60.000000;80.000000;100.000000;120.000000;140.000000;160.000000;180.000000;200.000000;220.000000;240.000000;260.000000;280.000000;300.000000;320.000000;340.000000;360.000000;380.000000;400.000000;420.000000;440.000000;460.000000;480.000000;500.000000;520.000000;540.000000
-1.674570;-1.771817;-1.242389;0.150867;0.559783;0.553363;1.198384;1.708821;1.427772;0.399476;0.350900;0.226957;-0.112164;-0.944228;-1.959988;-1.575919;-1.599413;-1.628607;-1.674570;-1.771817;-1.242389;0.150867;0.559783;0.553363;1.198384;1.708821;1.427772;0.399476;0.350900;0.226957;-0.112164;-0.944228;-1.959988;-1.575919;-1.599413;-1.628607;-1.674570;-1.771817;-1.242389;0.150867;0.559783;0.553363;1.198384;1.708821;1.427772;0.399476;0.350900;0.226957;-0.112164;-0.944228;-1.959988;-1.575919;-1.599413;-1.628607;-1.674570;-1.771817
-560.000000;-540.000000;-520.000000;-500.000000;-480.000000;-460.000000;-440.000000;-420.000000;-400.000000;-380.000000;-360.000000;-340.000000;-320.000000;-300.000000;-280.000000;-260.000000;-240.000000;-220.000000;-200.000000;-180.000000;-160.000000;-140.000000;-120.000000;-100.000000;-80.000000;-60.000000;-40.000000;-20.000000;0.000000;20.000000;40.000000;60.000000;80.000000;100.000000;120.000000;140.000000;160.000000;180.000000;200.000000;220.000000;240.000000;260.000000;280.000000;300.000000;320.000000;340.000000;360.000000;380.000000;400.000000;420.000000;440.000000;460.000000;480.000000;500.000000;520.000000;540.000000
-1.153635;-1.208774;-0.917705;0.182042;0.317465;1.130617;1.606113;2.076058;1.868392;1.214713;0.767270;0.467472;0.282923;-0.805902;-1.306537;-1.149224;-1.212286;-1.214445;-1.153635;-1.208774;-0.917705;0.182042;0.317465;1.130617;1.606113;2.076058;1.868392;1.214713;0.767270;0.467472;0.282923;-0.805902;-1.306537;-1.149224;-1.212286;-1.214445;-1.153635;-1.208774;-0.917705;0.182042;0.317465;1.130617;1.606113;2.076058;1.868392;1.214713;0.767270;0.467472;0.282923;-0.805902;-1.306537;-1.149224;-1.212286;-1.214445;-1.153635;-1.208774
-560.000000;-540.000000;-520.000000;-500.000000;-480.000000;-460.000000;-440.000000;-420.000000;-400.000000;-380.000000;-360.000000;-340.000000;-320.000000;-300.000000;-280.000000;-260.000000;-240.000000;-220.000000;-200.000000;-180.000000;-160.000000;-140.000000;-120.000000;-100.000000;-80.000000;-60.000000;-40.000000;-20.000000;0.000000;20.000000;40.000000;60.000000;80.000000;100.000000;120.000000;140.000000;160.000000;180.000000;200.000000;220.000000;240.000000;260.000000;280.000000;300.000000;320.000000;340.000000;360.000000;380.000000;400.000000;420.000000;440.000000;460.000000;480.000000;500.000000;520.000000;540.000000
-0.308045;-0.664691;-0.451605;0.213218;-0.167171;1.977809;1.960723;2.874744;2.762621;2.310958;1.388690;0.786744;0.570002;-0.692397;-0.893527;-0.505431;-0.340212;-0.232952;-0.308045;-0.664691;-0.451605;0.213218;-0.167171;1.977809;1.960723;2.874744;2.762621;2.310958;1.388690;0.786744;0.570002;-0.692397;-0.893527;-0.505431;-0.340212;-0.232952;-0.308045;-0.664691;-0.451605;0.213218;-0.167171;1.977809;1.960723;2.874744;2.762621;2.310958;1.388690;0.786744;0.570002;-0.692397;-0.893527;-0.505431;-0.340212;-0.232952;-0.308045;-0.664691
-560.000000;-540.000000;-520.000000;-500.000000;-440.000000;-420.000000;-400.000000;-380.000000;-360.000000;-340.000000;-320.000000;-300.000000;-280.000000;-260.000000;-240.000000;-220.000000;-200.000000;-180.000000;-160.000000;-140.000000;-80.000000;-60.000000;-40.000000;-20.000000;0.000000;20.000000;40.000000;60.000000;80.000000;100.000000;120.000000;140.000000;160.000000;180.000000;200.000000;220.000000;280.000000;300.000000;320.000000;340.000000;360.000000;380.000000;400.000000;420.000000;440.000000;460.000000;480.000000;500.000000;520.000000;540.000000
0.138310;-0.048782;-0.273100;-0.732265;2.681616;2.987575;2.889228;2.629402;1.937011;1.055665;-0.584381;0.171265;0.334859;0.494623;0.342833;0.243463;0.138310;-0.048782;-0.273100;-0.732265;2.681616;2.987575;2.889228;2.629402;1.937011;1.055665;-0.584381;0.171265;0.334859;0.494623;0.342833;0.243463;0.138310;-0.048782;-0.273100;-0.732265;2.681616;2.987575;2.889228;2.629402;1.937011;1.055665;-0.584381;0.171265;0.334859;0.494623;0.342833;0.243463;0.138310;-0.048782
-560.000000;-520.000000;-500.000000;-440.000000;-420.000000;-400.000000;-380.000000;-360.000000;-260.000000;-240.000000;-220.000000;-200.000000;-160.000000;-140.000000;-80.000000;-60.000000;-40.000000;-20.000000;0.000000;100.000000;120.000000;140.000000;160.000000;200.000000;220.000000;280.000000;300.000000;320.000000;340.000000;360.000000;460.000000;480.000000;500.000000;520.000000
-0.246914;-0.732265;-0.732265;4.501297;3.108828;3.010369;2.798314;2.117036;-0.146661;0.460325;0.343379;-0.246914;-0.732265;-0.732265;4.501297;3.108828;3.010369;2.798314;2.117036;-0.146661;0.460325;0.343379;-0.246914;-0.732265;-0.732265;4.501297;3.108828;3.010369;2.798314;2.117036;-0.146661;0.460325;0.343379;-0.246914
-560.000000;-420.000000;-400.000000;-240.000000;-220.000000;-200.000000;-60.000000;-40.000000;120.000000;140.000000;160.000000;300.000000;320.000000;480.000000;500.000000
-2.651145;3.505966;3.505966;-0.486370;-1.568758;-2.651145;3.505966;3.505966;-0.486370;-1.568758;-2.651145;3.505966;3.505966;-0.486370;-1.568758
-520.000000;-500.000000;-480.000000;-360.000000;-340.000000;-320.000000;-300.000000;-160.000000;-140.000000;-120.000000;0.000000;20.000000;40.000000;60.000000;200.000000;220.000000;240.000000;360.000000;380.000000;400.000000;420.000000
0.963764;0.932240;0.924359;1.492407;0.739071;0.750735;0.851027;0.963764;0.932240;0.924359;1.492407;0.739071;0.750735;0.851027;0.963764;0.932240;0.924359;1.492407;0.739071;0.750735;0.851027
-540.000000;-520.000000;-500.000000;-480.000000;-460.000000;-380.000000;-360.000000;-340.000000;-320.000000;-300.000000;-280.000000;-260.000000;-180.000000;-160.000000;-140.000000;-120.000000;-100.000000;-20.000000;0.000000;20.000000;40.000000;60.000000;80.000000;100.000000;180.000000;200.000000;220.000000;240.000000;260.000000;340.000000;360.000000;380.000000;400.000000;420.000000;440.000000;460.000000;540.000000
-0.934988;-0.376661;0.864288;1.107905;0.814823;1.262393;0.853777;0.871280;0.888426;0.768713;0.106767;-0.330900;-0.934988;-0.376661;0.864288;1.107905;0.814823;1.262393;0.853777;0.871280;0.888426;0.768713;0.106767;-0.330900;-0.934988;-0.376661;0.864288;1.107905;0.814823;1.262393;0.853777;0.871280;0.888426;0.768713;0.106767;-0.330900;-0.934988
-560.000000;-540.000000;-520.000000;-500.000000;-480.000000;-460.000000;-400.000000;-380.000000;-360.000000;-340.000000;-320.000000;-300.000000;-280.000000;-260.000000;-200.000000;-180.000000;-160.000000;-140.000000;-120.000000;-100.000000;-40.000000;-20.000000;0.000000;20.000000;40.000000;60.000000;80.000000;100.000000;160.000000;180.000000;200.000000;220.000000;240.000000;260.000000;320.000000;340.000000;360.000000;380.000000;400.000000;420.000000;440.000000;460.000000;520.000000;540.000000
0.071491;-0.697061;-0.863349;0.422980;0.832663;0.814823;0.175818;0.379680;0.497093;0.774932;1.155062;0.365212;0.106767;-0.330900;0.071491;-0.697061;-0.863349;0.422980;0.832663;0.814823;0.175818;0.379680;0.497093;0.774932;1.155062;0.365212;0.106767;-0.330900;0.071491;-0.697061;-0.863349;0.422980;0.832663;0.814823;0.175818;0.379680;0.497093;0.774932;1.155062;0.365212;0.106767;-0.330900;0.071491;-0.697061
-560.000000;-540.000000;-520.000000;-500.000000;-480.000000;-400.000000;-380.000000;-360.000000;-340.000000;-320.000000;-200.000000;-180.000000;-160.000000;-140.000000;-120.000000;-40.000000;-20.000000;0.000000;20.000000;40.000000;160.000000;180.000000;200.000000;220.000000;240.000000;320.000000;340.000000;360.000000;380.000000;400.000000;520.000000;540.000000
0.071491;-0.713759;-1.302697;-1.002490;-1.002490;0.492422;0.234794;0.292043;0.441513;0.638570;0.071491;-0.713759;-1.302697;-1.002490;-1.002490;0.492422;0.234794;0.292043;0.441513;0.638570;0.071491;-0.713759;-1.302697;-1.002490;-1.002490;0.492422;0.234794;0.292043;0.441513;0.638570;0.071491;-0.713759
-560.000000;-540.000000;-520.000000;-400.000000;-380.000000;-360.000000;-340.000000;-320.000000;-200.000000;-180.000000;-160.000000;-40.000000;-20.000000;0.000000;20.000000;40.000000;160.000000;180.000000;200.000000;320.000000;340.000000;360.000000;380.000000;400.000000;520.000000;540.000000
-1.574026;-1.550876;-1.527727;0.650724;0.451341;0.309775;0.308646;0.616581;-1.574026;-1.550876;-1.527727;0.650724;0.451341;0.309775;0.308646;0.616581;-1.574026;-1.550876;-1.527727;0.650724;0.451341;0.309775;0.308646;0.616581;-1.574026;-1.550876
-560.000000;-540.000000;-520.000000;-500.000000;-400.000000;-380.000000;-200.000000;-180.000000;-160.000000;-140.000000;-40.000000;-20.000000;160.000000;180.000000;200.000000;220.000000;320.000000;340.000000;520.000000;540.000000
-1.379456;-1.379456;-0.134397;-0.134397;1.087278;1.087278;-1.379456;-1.379456;-0.134397;-0.134397;1.087278;1.087278;-1.379456;-1.379456;-0.134397;-0.134397;1.087278;1.087278;-1.379456;-1.379456
-560.000000;-540.000000;-520.000000;-500.000000;-400.000000;-380.000000;-200.000000;-180.000000;-160.000000;-140.000000;-40.000000;-20.000000;160.000000;180.000000;200.000000;220.000000;320.000000;340.000000;520.000000;540.000000
-0.753230;-0.621696;-0.109860;0.138909;1.087278;1.087278;-0.753230;-0.621696;-0.109860;0.138909;1.087278;1.087278;-0.753230;-0.621696;-0.109860;0.138909;1.087278;1.087278;-0.753230;-0.621696
-560.000000;-540.000000;-520.000000;-500.000000;-240.000000;-220.000000;-200.000000;-180.000000;-160.000000;-140.000000;120.000000;140.000000;160.000000;180.000000;200.000000;220.000000;480.000000;500.000000;520.000000;540.000000
-0.998287;-0.772857;-0.431164;-0.199926;-1.209615;-1.167803;-0.998287;-0.772857;-0.431164;-0.199926;-1.209615;-1.167803;-0.998287;-0.772857;-0.431164;-0.199926;-1.209615;-1.167803;-0.998287;-0.772857
-560.000000;-540.000000;-520.000000;-500.000000;-420.000000;-400.000000;-360.000000;-340.000000;-320.000000;-300.000000;-280.000000;-260.000000;-240.000000;-220.000000;-200.000000;-180.000000;-160.000000;-140.000000;-60.000000;-40.000000;0.000000;20.000000;40.000000;60.000000;80.000000;100.000000;120.000000;140.000000;160.000000;180.000000;200.000000;220.000000;300.000000;320.000000;360.000000;380.000000;400.000000;420.000000;440.000000;460.000000;480.000000;500.000000;520.000000;540.000000
-1.285892;-1.010394;-0.822830;-0.728222;0.622162;0.622162;0.715175;0.715175;-2.009686;-1.295981;-1.177030;-0.910832;-1.193368;-1.426493;-1.285892;-1.010394;-0.822830;-0.728222;0.622162;0.622162;0.715175;0.715175;-2.009686;-1.295981;-1.177030;-0.910832;-1.193368;-1.426493;-1.285892;-1.010394;-0.822830;-0.728222;0.622162;0.622162;0.715175;0.715175;-2.009686;-1.295981;-1.177030;-0.910832;-1.193368;-1.426493;-1.285892;-1.010394
