CB psi phi
0.625810402255
2.793385;2.38912216667;1.44431716667;1.14165316667;0.436848529412;-0.0364042941176;-0.350809714286;0.1002815;0.982709;-1.8390005;-1.96094192308;-2.23518523077;2.793385;2.38912216667;1.44431716667;1.14165316667;0.436848529412;-0.0364042941176;-0.350809714286;0.1002815;0.982709;-1.8390005;-1.96094192308;-2.23518523077;2.793385;2.38912216667;1.44431716667;1.14165316667;0.436848529412;-0.0364042941176;-0.350809714286;0.1002815;0.982709;-1.8390005;-1.96094192308;-2.23518523077;2.793385;2.38912216667
N/A
N/A
N/A
-540.0;-520.0;-500.0;-480.0;-460.0;-440.0;-420.0;-400.0;-380.0;-320.0;-300.0;-280.0;-180.0;-160.0;-140.0;-120.0;-100.0;-80.0;-60.0;-40.0;-20.0;40.0;60.0;80.0;180.0;200.0;220.0;240.0;260.0;280.0;300.0;320.0;340.0;400.0;420.0;440.0;540.0;560.0
-560.0;-540.0;-520.0;-500.0;-260.0;-240.0;-220.0;-200.0;-180.0;-160.0;-140.0;100.0;120.0;140.0;160.0;180.0;240.0;460.0;480.0;500.0;520.0;540.0
2.18344;2.414853;4.174951;4.174951;2.251412;2.576022;2.156598;2.18344;2.414853;4.174951;4.174951;2.251412;2.576022;2.156598;2.18344;2.414853;4.174951;2.251412;2.576022;2.156598;2.18344;2.414853
-560.0;-540.0;-520.0;-500.0;-360.0;-340.0;-320.0;-280.0;-260.0;-240.0;-220.0;-200.0;-180.0;-160.0;-140.0;0.0;20.0;40.0;80.0;100.0;120.0;140.0;160.0;180.0;240.0;360.0;380.0;400.0;440.0;460.0;480.0;500.0;520.0;540.0
2.821312;2.825264;2.413194;4.174951;3.077666;0.946594;-0.118941;2.18049;1.787469;2.847536;2.888667;2.821312;2.825264;2.413194;4.174951;3.077666;0.946594;-0.118941;2.18049;1.787469;2.847536;2.888667;2.821312;2.825264;2.413194;3.077666;0.946594;-0.118941;2.18049;1.787469;2.847536;2.888667;2.821312;2.825264
-560.0;-540.0;-520.0;-500.0;-480.0;-440.0;-420.0;-400.0;-380.0;-360.0;-340.0;-320.0;-300.0;-280.0;-260.0;-240.0;-220.0;-200.0;-180.0;-160.0;-140.0;-120.0;-80.0;-60.0;-40.0;-20.0;0.0;20.0;40.0;60.0;80.0;100.0;120.0;140.0;160.0;180.0;240.0;280.0;300.0;320.0;340.0;360.0;380.0;400.0;420.0;440.0;460.0;480.0;500.0;520.0;540.0
2.941929;2.985979;2.052191;0.842299;-0.324331;1.44976;1.44976;2.191974;0.997858;0.950296;0.482161;-0.213547;-0.262363;0.598642;1.837145;2.324717;2.70726;2.941929;2.985979;2.052191;0.842299;-0.324331;1.44976;1.44976;2.191974;0.997858;0.950296;0.482161;-0.213547;-0.262363;0.598642;1.837145;2.324717;2.70726;2.941929;2.985979;2.052191;1.44976;1.44976;2.191974;0.997858;0.950296;0.482161;-0.213547;-0.262363;0.598642;1.837145;2.324717;2.70726;2.941929;2.985979
-560.0;-540.0;-520.0;-500.0;-480.0;-440.0;-420.0;-400.0;-380.0;-360.0;-340.0;-320.0;-300.0;-280.0;-260.0;-240.0;-220.0;-200.0;-180.0;-160.0;-140.0;-120.0;-80.0;-60.0;-40.0;-20.0;0.0;20.0;40.0;60.0;80.0;100.0;120.0;140.0;160.0;180.0;240.0;280.0;300.0;320.0;340.0;360.0;380.0;400.0;420.0;440.0;460.0;480.0;500.0;520.0;540.0
2.624374;2.664216;2.207927;0.842299;-0.324331;1.711873;0.997802;1.013743;0.960883;0.186356;-0.142137;-0.001496;-0.316202;0.204253;1.334279;1.747621;2.174081;2.624374;2.664216;2.207927;0.842299;-0.324331;1.711873;0.997802;1.013743;0.960883;0.186356;-0.142137;-0.001496;-0.316202;0.204253;1.334279;1.747621;2.174081;2.624374;2.664216;2.207927;1.711873;0.997802;1.013743;0.960883;0.186356;-0.142137;-0.001496;-0.316202;0.204253;1.334279;1.747621;2.174081;2.624374;2.664216
-560.0;-540.0;-520.0;-500.0;-440.0;-420.0;-400.0;-380.0;-360.0;-340.0;-320.0;-300.0;-280.0;-260.0;-240.0;-220.0;-200.0;-180.0;-160.0;-140.0;-80.0;-60.0;-40.0;-20.0;0.0;20.0;40.0;60.0;80.0;100.0;120.0;140.0;160.0;180.0;240.0;280.0;300.0;320.0;340.0;360.0;380.0;400.0;420.0;440.0;460.0;480.0;500.0;520.0;540.0
1.686039;1.852903;2.01605;-0.370123;-0.187229;0.122603;0.158654;0.038978;-0.290809;-0.441026;0.055173;-1.095827;-0.670891;0.355021;0.981504;1.362502;1.686039;1.852903;2.01605;-0.370123;-0.187229;0.122603;0.158654;0.038978;-0.290809;-0.441026;0.055173;-1.095827;-0.670891;0.355021;0.981504;1.362502;1.686039;1.852903;2.01605;-0.187229;0.122603;0.158654;0.038978;-0.290809;-0.441026;0.055173;-1.095827;-0.670891;0.355021;0.981504;1.362502;1.686039;1.852903
-560.0;-540.0;-520.0;-500.0;-440.0;-420.0;-400.0;-380.0;-360.0;-340.0;-320.0;-300.0;-280.0;-260.0;-240.0;-220.0;-200.0;-180.0;-160.0;-140.0;-80.0;-60.0;-40.0;-20.0;0.0;20.0;40.0;60.0;80.0;100.0;120.0;140.0;160.0;180.0;240.0;280.0;300.0;320.0;340.0;360.0;380.0;400.0;420.0;440.0;460.0;480.0;500.0;520.0;540.0
0.733932;1.140194;1.8218;-0.370123;-0.791877;-0.461363;-0.531439;-0.550737;-0.528179;-0.771089;-0.290018;-1.178309;-0.969947;-0.062153;0.433636;0.616605;0.733932;1.140194;1.8218;-0.370123;-0.791877;-0.461363;-0.531439;-0.550737;-0.528179;-0.771089;-0.290018;-1.178309;-0.969947;-0.062153;0.433636;0.616605;0.733932;1.140194;1.8218;-0.791877;-0.461363;-0.531439;-0.550737;-0.528179;-0.771089;-0.290018;-1.178309;-0.969947;-0.062153;0.433636;0.616605;0.733932;1.140194
-560.0;-540.0;-440.0;-420.0;-400.0;-380.0;-360.0;-340.0;-300.0;-280.0;-260.0;-240.0;-220.0;-200.0;-180.0;-80.0;-60.0;-40.0;-20.0;0.0;20.0;60.0;80.0;100.0;120.0;140.0;160.0;180.0;280.0;300.0;320.0;340.0;360.0;380.0;420.0;440.0;460.0;480.0;500.0;520.0
0.558654;0.532806;-0.789508;-0.552448;-0.605221;-0.665013;-0.700995;-0.952782;-1.682863;-1.682863;0.21839;0.39365;0.484051;0.558654;0.532806;-0.789508;-0.552448;-0.605221;-0.665013;-0.700995;-0.952782;-1.682863;-1.682863;0.21839;0.39365;0.484051;0.558654;0.532806;-0.789508;-0.552448;-0.605221;-0.665013;-0.700995;-0.952782;-1.682863;-1.682863;0.21839;0.39365;0.484051;0.558654
-560.0;-540.0;-420.0;-400.0;-380.0;-360.0;-260.0;-240.0;-220.0;-200.0;-180.0;-60.0;-40.0;-20.0;0.0;100.0;120.0;140.0;160.0;180.0;300.0;320.0;340.0;360.0;460.0;480.0;500.0;520.0
0.814915;0.486229;-0.657632;-0.664823;-0.658801;-0.123476;0.537203;0.317594;0.465377;0.814915;0.486229;-0.657632;-0.664823;-0.658801;-0.123476;0.537203;0.317594;0.465377;0.814915;0.486229;-0.657632;-0.664823;-0.658801;-0.123476;0.537203;0.317594;0.465377;0.814915
-560.0;-420.0;-400.0;-240.0;-220.0;-200.0;-60.0;-40.0;120.0;140.0;160.0;300.0;320.0;480.0;500.0
2.937231;0.290039;0.290039;-0.048253;1.444489;2.937231;0.290039;0.290039;-0.048253;1.444489;2.937231;0.290039;0.290039;-0.048253;1.444489
-480.0;-460.0;-360.0;-340.0;-320.0;-300.0;-120.0;-100.0;0.0;20.0;40.0;60.0;240.0;260.0;360.0;380.0;400.0
-0.117755;-0.117755;-2.460411;-2.76241;-2.801287;-2.774385;-0.117755;-0.117755;-2.460411;-2.76241;-2.801287;-2.774385;-0.117755;-0.117755;-2.460411;-2.76241;-2.801287
-480.0;-460.0;-440.0;-420.0;-380.0;-360.0;-340.0;-320.0;-300.0;-280.0;-260.0;-240.0;-220.0;-120.0;-100.0;-80.0;-60.0;-20.0;0.0;20.0;40.0;60.0;80.0;100.0;120.0;140.0;240.0;260.0;280.0;300.0;340.0;360.0;380.0;400.0;420.0;440.0;460.0;480.0
-1.288171;-1.288171;-2.235232;-2.235232;-1.715272;-2.564128;-2.896139;-3.052044;-3.155388;-2.825515;-1.942777;-0.147088;-0.147088;-1.288171;-1.288171;-2.235232;-2.235232;-1.715272;-2.564128;-2.896139;-3.052044;-3.155388;-2.825515;-1.942777;-0.147088;-0.147088;-1.288171;-1.288171;-2.235232;-2.235232;-1.715272;-2.564128;-2.896139;-3.052044;-3.155388;-2.825515;-1.942777;-0.147088
-480.0;-460.0;-440.0;-420.0;-380.0;-360.0;-340.0;-320.0;-300.0;-280.0;-260.0;-240.0;-220.0;-120.0;-100.0;-80.0;-60.0;-20.0;0.0;20.0;40.0;60.0;80.0;100.0;120.0;140.0;240.0;260.0;280.0;300.0;340.0;360.0;380.0;400.0;420.0;440.0;460.0;480.0
-2.458587;-2.458587;-2.235232;-2.235232;-1.715272;-2.593762;-3.029868;-3.503407;-3.764993;-2.825515;-1.942777;-0.147088;-0.147088;-2.458587;-2.458587;-2.235232;-2.235232;-1.715272;-2.593762;-3.029868;-3.503407;-3.764993;-2.825515;-1.942777;-0.147088;-0.147088;-2.458587;-2.458587;-2.235232;-2.235232;-1.715272;-2.593762;-3.029868;-3.503407;-3.764993;-2.825515;-1.942777;-0.147088
-560.0;-540.0;-520.0;-500.0;-260.0;-240.0;-220.0;-200.0;-180.0;-160.0;-140.0;100.0;120.0;140.0;160.0;180.0;240.0;460.0;480.0;500.0;520.0;540.0
2.18344;2.414853;4.174951;4.174951;2.251412;2.576022;2.156598;2.18344;2.414853;4.174951;4.174951;2.251412;2.576022;2.156598;2.18344;2.414853;4.174951;2.251412;2.576022;2.156598;2.18344;2.414853
-560.0;-540.0;-520.0;-500.0;-360.0;-340.0;-320.0;-280.0;-260.0;-240.0;-220.0;-200.0;-180.0;-160.0;-140.0;0.0;20.0;40.0;80.0;100.0;120.0;140.0;160.0;180.0;240.0;360.0;380.0;400.0;440.0;460.0;480.0;500.0;520.0;540.0
2.821312;2.825264;2.413194;4.174951;3.077666;0.946594;-0.118941;2.18049;1.787469;2.847536;2.888667;2.821312;2.825264;2.413194;4.174951;3.077666;0.946594;-0.118941;2.18049;1.787469;2.847536;2.888667;2.821312;2.825264;2.413194;3.077666;0.946594;-0.118941;2.18049;1.787469;2.847536;2.888667;2.821312;2.825264
-560.0;-540.0;-520.0;-500.0;-480.0;-440.0;-420.0;-400.0;-380.0;-360.0;-340.0;-320.0;-300.0;-280.0;-260.0;-240.0;-220.0;-200.0;-180.0;-160.0;-140.0;-120.0;-80.0;-60.0;-40.0;-20.0;0.0;20.0;40.0;60.0;80.0;100.0;120.0;140.0;160.0;180.0;240.0;280.0;300.0;320.0;340.0;360.0;380.0;400.0;420.0;440.0;460.0;480.0;500.0;520.0;540.0
2.941929;2.985979;2.052191;0.842299;-0.324331;1.44976;1.44976;2.191974;0.997858;0.950296;0.482161;-0.213547;-0.262363;0.598642;1.837145;2.324717;2.70726;2.941929;2.985979;2.052191;0.842299;-0.324331;1.44976;1.44976;2.191974;0.997858;0.950296;0.482161;-0.213547;-0.262363;0.598642;1.837145;2.324717;2.70726;2.941929;2.985979;2.052191;1.44976;1.44976;2.191974;0.997858;0.950296;0.482161;-0.213547;-0.262363;0.598642;1.837145;2.324717;2.70726;2.941929;2.985979
-560.0;-540.0;-520.0;-500.0;-480.0;-440.0;-420.0;-400.0;-380.0;-360.0;-340.0;-320.0;-300.0;-280.0;-260.0;-240.0;-220.0;-200.0;-180.0;-160.0;-140.0;-120.0;-80.0;-60.0;-40.0;-20.0;0.0;20.0;40.0;60.0;80.0;100.0;120.0;140.0;160.0;180.0;240.0;280.0;300.0;320.0;340.0;360.0;380.0;400.0;420.0;440.0;460.0;480.0;500.0;520.0;540.0
2.624374;2.664216;2.207927;0.842299;-0.324331;1.711873;0.997802;1.013743;0.960883;0.186356;-0.142137;-0.001496;-0.316202;0.204253;1.334279;1.747621;2.174081;2.624374;2.664216;2.207927;0.842299;-0.324331;1.711873;0.997802;1.013743;0.960883;0.186356;-0.142137;-0.001496;-0.316202;0.204253;1.334279;1.747621;2.174081;2.624374;2.664216;2.207927;1.711873;0.997802;1.013743;0.960883;0.186356;-0.142137;-0.001496;-0.316202;0.204253;1.334279;1.747621;2.174081;2.624374;2.664216
-560.0;-540.0;-520.0;-500.0;-440.0;-420.0;-400.0;-380.0;-360.0;-340.0;-320.0;-300.0;-280.0;-260.0;-240.0;-220.0;-200.0;-180.0;-160.0;-140.0;-80.0;-60.0;-40.0;-20.0;0.0;20.0;40.0;60.0;80.0;100.0;120.0;140.0;160.0;180.0;240.0;280.0;300.0;320.0;340.0;360.0;380.0;400.0;420.0;440.0;460.0;480.0;500.0;520.0;540.0
1.686039;1.852903;2.01605;-0.370123;-0.187229;0.122603;0.158654;0.038978;-0.290809;-0.441026;0.055173;-1.095827;-0.670891;0.355021;0.981504;1.362502;1.686039;1.852903;2.01605;-0.370123;-0.187229;0.122603;0.158654;0.038978;-0.290809;-0.441026;0.055173;-1.095827;-0.670891;0.355021;0.981504;1.362502;1.686039;1.852903;2.01605;-0.187229;0.122603;0.158654;0.038978;-0.290809;-0.441026;0.055173;-1.095827;-0.670891;0.355021;0.981504;1.362502;1.686039;1.852903
-560.0;-540.0;-520.0;-500.0;-440.0;-420.0;-400.0;-380.0;-360.0;-340.0;-320.0;-300.0;-280.0;-260.0;-240.0;-220.0;-200.0;-180.0;-160.0;-140.0;-80.0;-60.0;-40.0;-20.0;0.0;20.0;40.0;60.0;80.0;100.0;120.0;140.0;160.0;180.0;240.0;280.0;300.0;320.0;340.0;360.0;380.0;400.0;420.0;440.0;460.0;480.0;500.0;520.0;540.0
0.733932;1.140194;1.8218;-0.370123;-0.791877;-0.461363;-0.531439;-0.550737;-0.528179;-0.771089;-0.290018;-1.178309;-0.969947;-0.062153;0.433636;0.616605;0.733932;1.140194;1.8218;-0.370123;-0.791877;-0.461363;-0.531439;-0.550737;-0.528179;-0.771089;-0.290018;-1.178309;-0.969947;-0.062153;0.433636;0.616605;0.733932;1.140194;1.8218;-0.791877;-0.461363;-0.531439;-0.550737;-0.528179;-0.771089;-0.290018;-1.178309;-0.969947;-0.062153;0.433636;0.616605;0.733932;1.140194
-560.0;-540.0;-440.0;-420.0;-400.0;-380.0;-360.0;-340.0;-300.0;-280.0;-260.0;-240.0;-220.0;-200.0;-180.0;-80.0;-60.0;-40.0;-20.0;0.0;20.0;60.0;80.0;100.0;120.0;140.0;160.0;180.0;280.0;300.0;320.0;340.0;360.0;380.0;420.0;440.0;460.0;480.0;500.0;520.0
0.558654;0.532806;-0.789508;-0.552448;-0.605221;-0.665013;-0.700995;-0.952782;-1.682863;-1.682863;0.21839;0.39365;0.484051;0.558654;0.532806;-0.789508;-0.552448;-0.605221;-0.665013;-0.700995;-0.952782;-1.682863;-1.682863;0.21839;0.39365;0.484051;0.558654;0.532806;-0.789508;-0.552448;-0.605221;-0.665013;-0.700995;-0.952782;-1.682863;-1.682863;0.21839;0.39365;0.484051;0.558654
-560.0;-540.0;-420.0;-400.0;-380.0;-360.0;-260.0;-240.0;-220.0;-200.0;-180.0;-60.0;-40.0;-20.0;0.0;100.0;120.0;140.0;160.0;180.0;300.0;320.0;340.0;360.0;460.0;480.0;500.0;520.0
0.814915;0.486229;-0.657632;-0.664823;-0.658801;-0.123476;0.537203;0.317594;0.465377;0.814915;0.486229;-0.657632;-0.664823;-0.658801;-0.123476;0.537203;0.317594;0.465377;0.814915;0.486229;-0.657632;-0.664823;-0.658801;-0.123476;0.537203;0.317594;0.465377;0.814915
-560.0;-420.0;-400.0;-240.0;-220.0;-200.0;-60.0;-40.0;120.0;140.0;160.0;300.0;320.0;480.0;500.0
2.937231;0.290039;0.290039;-0.048253;1.444489;2.937231;0.290039;0.290039;-0.048253;1.444489;2.937231;0.290039;0.290039;-0.048253;1.444489
-480.0;-460.0;-360.0;-340.0;-320.0;-300.0;-120.0;-100.0;0.0;20.0;40.0;60.0;240.0;260.0;360.0;380.0;400.0
-0.117755;-0.117755;-2.460411;-2.76241;-2.801287;-2.774385;-0.117755;-0.117755;-2.460411;-2.76241;-2.801287;-2.774385;-0.117755;-0.117755;-2.460411;-2.76241;-2.801287
-480.0;-460.0;-440.0;-420.0;-380.0;-360.0;-340.0;-320.0;-300.0;-280.0;-260.0;-240.0;-220.0;-120.0;-100.0;-80.0;-60.0;-20.0;0.0;20.0;40.0;60.0;80.0;100.0;120.0;140.0;240.0;260.0;280.0;300.0;340.0;360.0;380.0;400.0;420.0;440.0;460.0;480.0
-1.288171;-1.288171;-2.235232;-2.235232;-1.715272;-2.564128;-2.896139;-3.052044;-3.155388;-2.825515;-1.942777;-0.147088;-0.147088;-1.288171;-1.288171;-2.235232;-2.235232;-1.715272;-2.564128;-2.896139;-3.052044;-3.155388;-2.825515;-1.942777;-0.147088;-0.147088;-1.288171;-1.288171;-2.235232;-2.235232;-1.715272;-2.564128;-2.896139;-3.052044;-3.155388;-2.825515;-1.942777;-0.147088
-480.0;-460.0;-440.0;-420.0;-380.0;-360.0;-340.0;-320.0;-300.0;-280.0;-260.0;-240.0;-220.0;-120.0;-100.0;-80.0;-60.0;-20.0;0.0;20.0;40.0;60.0;80.0;100.0;120.0;140.0;240.0;260.0;280.0;300.0;340.0;360.0;380.0;400.0;420.0;440.0;460.0;480.0
-2.458587;-2.458587;-2.235232;-2.235232;-1.715272;-2.593762;-3.029868;-3.503407;-3.764993;-2.825515;-1.942777;-0.147088;-0.147088;-2.458587;-2.458587;-2.235232;-2.235232;-1.715272;-2.593762;-3.029868;-3.503407;-3.764993;-2.825515;-1.942777;-0.147088;-0.147088;-2.458587;-2.458587;-2.235232;-2.235232;-1.715272;-2.593762;-3.029868;-3.503407;-3.764993;-2.825515;-1.942777;-0.147088
-560.0;-540.0;-520.0;-500.0;-260.0;-240.0;-220.0;-200.0;-180.0;-160.0;-140.0;100.0;120.0;140.0;160.0;180.0;240.0;460.0;480.0;500.0;520.0;540.0
2.18344;2.414853;4.174951;4.174951;2.251412;2.576022;2.156598;2.18344;2.414853;4.174951;4.174951;2.251412;2.576022;2.156598;2.18344;2.414853;4.174951;2.251412;2.576022;2.156598;2.18344;2.414853
-560.0;-540.0;-520.0;-500.0;-360.0;-340.0;-320.0;-280.0;-260.0;-240.0;-220.0;-200.0;-180.0;-160.0;-140.0;0.0;20.0;40.0;80.0;100.0;120.0;140.0;160.0;180.0;240.0;360.0;380.0;400.0;440.0;460.0;480.0;500.0;520.0;540.0
2.821312;2.825264;2.413194;4.174951;3.077666;0.946594;-0.118941;2.18049;1.787469;2.847536;2.888667;2.821312;2.825264;2.413194;4.174951;3.077666;0.946594;-0.118941;2.18049;1.787469;2.847536;2.888667;2.821312;2.825264;2.413194;3.077666;0.946594;-0.118941;2.18049;1.787469;2.847536;2.888667;2.821312;2.825264
-560.0;-540.0;-520.0;-500.0;-480.0;-440.0;-420.0;-400.0;-380.0;-360.0;-340.0;-320.0;-300.0;-280.0;-260.0;-240.0;-220.0;-200.0;-180.0;-160.0;-140.0;-120.0;-80.0;-60.0;-40.0;-20.0;0.0;20.0;40.0;60.0;80.0;100.0;120.0;140.0;160.0;180.0;240.0;280.0;300.0;320.0;340.0;360.0;380.0;400.0;420.0;440.0;460.0;480.0;500.0;520.0;540.0
2.941929;2.985979;2.052191;0.842299;-0.324331;1.44976;1.44976;2.191974;0.997858;0.950296;0.482161;-0.213547;-0.262363;0.598642;1.837145;2.324717;2.70726;2.941929;2.985979;2.052191;0.842299;-0.324331;1.44976;1.44976;2.191974;0.997858;0.950296;0.482161;-0.213547;-0.262363;0.598642;1.837145;2.324717;2.70726;2.941929;2.985979;2.052191;1.44976;1.44976;2.191974;0.997858;0.950296;0.482161;-0.213547;-0.262363;0.598642;1.837145;2.324717;2.70726;2.941929;2.985979
-560.0;-540.0;-520.0;-500.0;-480.0;-440.0;-420.0;-400.0;-380.0;-360.0;-340.0;-320.0;-300.0;-280.0;-260.0;-240.0;-220.0;-200.0;-180.0;-160.0;-140.0;-120.0;-80.0;-60.0;-40.0;-20.0;0.0;20.0;40.0;60.0;80.0;100.0;120.0;140.0;160.0;180.0;240.0;280.0;300.0;320.0;340.0;360.0;380.0;400.0;420.0;440.0;460.0;480.0;500.0;520.0;540.0
2.624374;2.664216;2.207927;0.842299;-0.324331;1.711873;0.997802;1.013743;0.960883;0.186356;-0.142137;-0.001496;-0.316202;0.204253;1.334279;1.747621;2.174081;2.624374;2.664216;2.207927;0.842299;-0.324331;1.711873;0.997802;1.013743;0.960883;0.186356;-0.142137;-0.001496;-0.316202;0.204253;1.334279;1.747621;2.174081;2.624374;2.664216;2.207927;1.711873;0.997802;1.013743;0.960883;0.186356;-0.142137;-0.001496;-0.316202;0.204253;1.334279;1.747621;2.174081;2.624374;2.664216
-560.0;-540.0;-520.0;-500.0;-440.0;-420.0;-400.0;-380.0;-360.0;-340.0;-320.0;-300.0;-280.0;-260.0;-240.0;-220.0;-200.0;-180.0;-160.0;-140.0;-80.0;-60.0;-40.0;-20.0;0.0;20.0;40.0;60.0;80.0;100.0;120.0;140.0;160.0;180.0;240.0;280.0;300.0;320.0;340.0;360.0;380.0;400.0;420.0;440.0;460.0;480.0;500.0;520.0;540.0
1.686039;1.852903;2.01605;-0.370123;-0.187229;0.122603;0.158654;0.038978;-0.290809;-0.441026;0.055173;-1.095827;-0.670891;0.355021;0.981504;1.362502;1.686039;1.852903;2.01605;-0.370123;-0.187229;0.122603;0.158654;0.038978;-0.290809;-0.441026;0.055173;-1.095827;-0.670891;0.355021;0.981504;1.362502;1.686039;1.852903;2.01605;-0.187229;0.122603;0.158654;0.038978;-0.290809;-0.441026;0.055173;-1.095827;-0.670891;0.355021;0.981504;1.362502;1.686039;1.852903
-560.0;-540.0;-520.0;-500.0;-440.0;-420.0;-400.0;-380.0;-360.0;-340.0;-320.0;-300.0;-280.0;-260.0;-240.0;-220.0;-200.0;-180.0;-160.0;-140.0;-80.0;-60.0;-40.0;-20.0;0.0;20.0;40.0;60.0;80.0;100.0;120.0;140.0;160.0;180.0;240.0;280.0;300.0;320.0;340.0;360.0;380.0;400.0;420.0;440.0;460.0;480.0;500.0;520.0;540.0
0.733932;1.140194;1.8218;-0.370123;-0.791877;-0.461363;-0.531439;-0.550737;-0.528179;-0.771089;-0.290018;-1.178309;-0.969947;-0.062153;0.433636;0.616605;0.733932;1.140194;1.8218;-0.370123;-0.791877;-0.461363;-0.531439;-0.550737;-0.528179;-0.771089;-0.290018;-1.178309;-0.969947;-0.062153;0.433636;0.616605;0.733932;1.140194;1.8218;-0.791877;-0.461363;-0.531439;-0.550737;-0.528179;-0.771089;-0.290018;-1.178309;-0.969947;-0.062153;0.433636;0.616605;0.733932;1.140194
-560.0;-540.0;-440.0;-420.0;-400.0;-380.0;-360.0;-340.0;-300.0;-280.0;-260.0;-240.0;-220.0;-200.0;-180.0;-80.0;-60.0;-40.0;-20.0;0.0;20.0;60.0;80.0;100.0;120.0;140.0;160.0;180.0;280.0;300.0;320.0;340.0;360.0;380.0;420.0;440.0;460.0;480.0;500.0;520.0
0.558654;0.532806;-0.789508;-0.552448;-0.605221;-0.665013;-0.700995;-0.952782;-1.682863;-1.682863;0.21839;0.39365;0.484051;0.558654;0.532806;-0.789508;-0.552448;-0.605221;-0.665013;-0.700995;-0.952782;-1.682863;-1.682863;0.21839;0.39365;0.484051;0.558654;0.532806;-0.789508;-0.552448;-0.605221;-0.665013;-0.700995;-0.952782;-1.682863;-1.682863;0.21839;0.39365;0.484051;0.558654
-560.0;-540.0;-420.0;-400.0;-380.0;-360.0;-260.0;-240.0;-220.0;-200.0;-180.0;-60.0;-40.0;-20.0;0.0;100.0;120.0;140.0;160.0;180.0;300.0;320.0;340.0;360.0;460.0;480.0;500.0;520.0
0.814915;0.486229;-0.657632;-0.664823;-0.658801;-0.123476;0.537203;0.317594;0.465377;0.814915;0.486229;-0.657632;-0.664823;-0.658801;-0.123476;0.537203;0.317594;0.465377;0.814915;0.486229;-0.657632;-0.664823;-0.658801;-0.123476;0.537203;0.317594;0.465377;0.814915
-560.0;-420.0;-400.0;-240.0;-220.0;-200.0;-60.0;-40.0;120.0;140.0;160.0;300.0;320.0;480.0;500.0
2.937231;0.290039;0.290039;-0.048253;1.444489;2.937231;0.290039;0.290039;-0.048253;1.444489;2.937231;0.290039;0.290039;-0.048253;1.444489
-480.0;-460.0;-360.0;-340.0;-320.0;-300.0;-120.0;-100.0;0.0;20.0;40.0;60.0;240.0;260.0;360.0;380.0;400.0
-0.117755;-0.117755;-2.460411;-2.76241;-2.801287;-2.774385;-0.117755;-0.117755;-2.460411;-2.76241;-2.801287;-2.774385;-0.117755;-0.117755;-2.460411;-2.76241;-2.801287
-480.0;-460.0;-440.0;-420.0;-380.0;-360.0;-340.0;-320.0;-300.0;-280.0;-260.0;-240.0;-220.0;-120.0;-100.0;-80.0;-60.0;-20.0;0.0;20.0;40.0;60.0;80.0;100.0;120.0;140.0;240.0;260.0;280.0;300.0;340.0;360.0;380.0;400.0;420.0;440.0;460.0;480.0
-1.288171;-1.288171;-2.235232;-2.235232;-1.715272;-2.564128;-2.896139;-3.052044;-3.155388;-2.825515;-1.942777;-0.147088;-0.147088;-1.288171;-1.288171;-2.235232;-2.235232;-1.715272;-2.564128;-2.896139;-3.052044;-3.155388;-2.825515;-1.942777;-0.147088;-0.147088;-1.288171;-1.288171;-2.235232;-2.235232;-1.715272;-2.564128;-2.896139;-3.052044;-3.155388;-2.825515;-1.942777;-0.147088
-480.0;-460.0;-440.0;-420.0;-380.0;-360.0;-340.0;-320.0;-300.0;-280.0;-260.0;-240.0;-220.0;-120.0;-100.0;-80.0;-60.0;-20.0;0.0;20.0;40.0;60.0;80.0;100.0;120.0;140.0;240.0;260.0;280.0;300.0;340.0;360.0;380.0;400.0;420.0;440.0;460.0;480.0
-2.458587;-2.458587;-2.235232;-2.235232;-1.715272;-2.593762;-3.029868;-3.503407;-3.764993;-2.825515;-1.942777;-0.147088;-0.147088;-2.458587;-2.458587;-2.235232;-2.235232;-1.715272;-2.593762;-3.029868;-3.503407;-3.764993;-2.825515;-1.942777;-0.147088;-0.147088;-2.458587;-2.458587;-2.235232;-2.235232;-1.715272;-2.593762;-3.029868;-3.503407;-3.764993;-2.825515;-1.942777;-0.147088
-560.0;-540.0;-520.0;-500.0;-260.0;-240.0;-220.0;-200.0;-180.0;-160.0;-140.0;100.0;120.0;140.0;160.0;180.0;240.0;460.0;480.0;500.0;520.0;540.0
2.18344;2.414853;4.174951;4.174951;2.251412;2.576022;2.156598;2.18344;2.414853;4.174951;4.174951;2.251412;2.576022;2.156598;2.18344;2.414853;4.174951;2.251412;2.576022;2.156598;2.18344;2.414853
-560.0;-540.0;-520.0;-500.0;-360.0;-340.0;-320.0;-280.0;-260.0;-240.0;-220.0;-200.0;-180.0;-160.0;-140.0;0.0;20.0;40.0;80.0;100.0;120.0;140.0;160.0;180.0;240.0;360.0;380.0;400.0;440.0;460.0;480.0;500.0;520.0;540.0
2.821312;2.825264;2.413194;4.174951;3.077666;0.946594;-0.118941;2.18049;1.787469;2.847536;2.888667;2.821312;2.825264;2.413194;4.174951;3.077666;0.946594;-0.118941;2.18049;1.787469;2.847536;2.888667;2.821312;2.825264;2.413194;3.077666;0.946594;-0.118941;2.18049;1.787469;2.847536;2.888667;2.821312;2.825264
