CB phi hnbond
-0.0875885137363
0.0538773571429;-0.229054384615
N/A
N/A
N/A
Y;N
-540.0;-520.0;-500.0;-480.0;-460.0;-440.0;-420.0;-400.0;-380.0;-340.0;-320.0;-300.0;-280.0;-180.0;-160.0;-140.0;-120.0;-100.0;-80.0;-60.0;-40.0;-20.0;20.0;40.0;60.0;80.0;180.0;200.0;220.0;240.0;260.0;280.0;300.0;320.0;340.0;380.0;400.0;420.0;440.0;540.0;560.0
0.817825;0.072742;0.053242;-0.077625;-0.091848;-0.076288;-0.112283;-0.091279;-0.537287;-0.061449;0.045373;0.028371;-0.033036;0.817825;0.072742;0.053242;-0.077625;-0.091848;-0.076288;-0.112283;-0.091279;-0.537287;-0.061449;0.045373;0.028371;-0.033036;0.817825;0.072742;0.053242;-0.077625;-0.091848;-0.076288;-0.112283;-0.091279;-0.537287;-0.061449;0.045373;0.028371;-0.033036;0.817825;0.072742
-540.0;-520.0;-500.0;-480.0;-460.0;-440.0;-420.0;-400.0;-380.0;-320.0;-300.0;-280.0;-180.0;-160.0;-140.0;-120.0;-100.0;-80.0;-60.0;-40.0;-20.0;40.0;60.0;80.0;180.0;200.0;220.0;240.0;260.0;280.0;300.0;320.0;340.0;400.0;420.0;440.0;540.0;560.0
-0.323459;-0.407778;0.047196;0.051337;0.01939;0.040211;-0.063195;-0.126432;-0.037518;-0.456872;-0.525927;-0.871201;-0.323459;-0.407778;0.047196;0.051337;0.01939;0.040211;-0.063195;-0.126432;-0.037518;-0.456872;-0.525927;-0.871201;-0.323459;-0.407778;0.047196;0.051337;0.01939;0.040211;-0.063195;-0.126432;-0.037518;-0.456872;-0.525927;-0.871201;-0.323459;-0.407778
