CB psi ss
0.314339574708
0.0340333157895;0.216807533333;0.692177875
N/A
C;H;B
-560.0;-160.0;-360.0;-360.0;-360.0;-360.0;-360.0;-360.0;-360.0;-360.0;-360.0;-360.0;-360.0;-360.0;-360.0;-360.0;-360.0;-360.0;-360.0;-360.0;-360.0;-200.0;200.0;0.0;0.0;0.0;0.0;0.0;0.0;0.0;0.0;0.0;0.0;0.0;0.0;0.0;0.0;0.0;0.0;0.0;0.0;0.0;160.0;560.0;360.0;360.0;360.0;360.0;360.0;360.0;360.0;360.0;360.0;360.0;360.0;360.0;360.0;360.0;360.0;360.0;360.0;360.0;360.0
-0.013653;-0.165158;-0.165158;-0.64719;-0.099777;-0.448913;1.120786;0.718136;0.735324;0.819246;0.656982;0.329323;0.223519;-0.259351;-0.954967;-1.145012;-0.269289;-0.014793;-0.013653;0.03071;-0.165158;-0.013653;-0.165158;-0.165158;-0.64719;-0.099777;-0.448913;1.120786;0.718136;0.735324;0.819246;0.656982;0.329323;0.223519;-0.259351;-0.954967;-1.145012;-0.269289;-0.014793;-0.013653;0.03071;-0.165158;-0.013653;-0.165158;-0.165158;-0.64719;-0.099777;-0.448913;1.120786;0.718136;0.735324;0.819246;0.656982;0.329323;0.223519;-0.259351;-0.954967;-1.145012;-0.269289;-0.014793;-0.013653;0.03071;-0.165158
-560.0;-180.0;-360.0;-360.0;-360.0;-360.0;-360.0;-360.0;-360.0;-360.0;-360.0;-360.0;-360.0;-360.0;-360.0;-360.0;-200.0;180.0;0.0;0.0;0.0;0.0;0.0;0.0;0.0;0.0;0.0;0.0;0.0;0.0;0.0;0.0;160.0;540.0;360.0;360.0;360.0;360.0;360.0;360.0;360.0;360.0;360.0;360.0;360.0;360.0;360.0;360.0
1.202977;1.199104;0.0;0.0;0.0;0.0;0.216511;0.369636;0.326132;0.275782;0.296384;0.436495;0.722387;-2.353463;-1.621103;-0.32125;1.202977;1.199104;0.0;0.0;0.0;0.0;0.216511;0.369636;0.326132;0.275782;0.296384;0.436495;0.722387;-2.353463;-1.621103;-0.32125;1.202977;1.199104;0.0;0.0;0.0;0.0;0.216511;0.369636;0.326132;0.275782;0.296384;0.436495;0.722387;-2.353463;-1.621103;-0.32125
-560.0;-160.0;-360.0;-360.0;-360.0;-360.0;-360.0;-360.0;-360.0;-360.0;-360.0;-360.0;-360.0;-360.0;-360.0;-360.0;-360.0;-360.0;-200.0;200.0;0.0;0.0;0.0;0.0;0.0;0.0;0.0;0.0;0.0;0.0;0.0;0.0;0.0;0.0;0.0;0.0;160.0;560.0;360.0;360.0;360.0;360.0;360.0;360.0;360.0;360.0;360.0;360.0;360.0;360.0;360.0;360.0;360.0;360.0
0.674007;0.915972;0.915972;2.369443;0.0;0.0;0.365;0.791795;1.453662;1.480179;1.21115;1.285223;0.0;-1.072129;-0.736935;-0.038696;0.256723;0.464914;0.674007;0.915972;0.915972;2.369443;0.0;0.0;0.365;0.791795;1.453662;1.480179;1.21115;1.285223;0.0;-1.072129;-0.736935;-0.038696;0.256723;0.464914;0.674007;0.915972;0.915972;2.369443;0.0;0.0;0.365;0.791795;1.453662;1.480179;1.21115;1.285223;0.0;-1.072129;-0.736935;-0.038696;0.256723;0.464914
