CB psi+1 ss
0.0954013005604
0.157154894737;0.3357725625;-0.206723555556
N/A
N/A
N/A
C;H;B
-560.0;-540.0;-520.0;-500.0;-480.0;-460.0;-440.0;-420.0;-400.0;-380.0;-360.0;-340.0;-320.0;-300.0;-280.0;-260.0;-240.0;-220.0;-200.0;-180.0;-160.0;-140.0;-120.0;-100.0;-80.0;-60.0;-40.0;-20.0;0.0;20.0;40.0;60.0;80.0;100.0;120.0;140.0;160.0;180.0;200.0;220.0;240.0;260.0;280.0;300.0;320.0;340.0;360.0;380.0;400.0;420.0;440.0;460.0;480.0;500.0;520.0;540.0;560.0
-0.011096;-0.089786;0.280262;0.821769;1.193544;1.503794;-0.597557;-0.024178;0.081156;-0.097995;-0.167654;-0.122212;-0.041349;0.465525;-0.011693;-0.120112;-0.018886;0.032197;-0.011096;-0.089786;0.280262;0.821769;1.193544;1.503794;-0.597557;-0.024178;0.081156;-0.097995;-0.167654;-0.122212;-0.041349;0.465525;-0.011693;-0.120112;-0.018886;0.032197;-0.011096;-0.089786;0.280262;0.821769;1.193544;1.503794;-0.597557;-0.024178;0.081156;-0.097995;-0.167654;-0.122212;-0.041349;0.465525;-0.011693;-0.120112;-0.018886;0.032197;-0.011096;-0.089786;0.280262
-560.0;-540.0;-520.0;-440.0;-420.0;-400.0;-380.0;-360.0;-340.0;-320.0;-300.0;-280.0;-260.0;-240.0;-220.0;-200.0;-180.0;-160.0;-80.0;-60.0;-40.0;-20.0;0.0;20.0;40.0;60.0;80.0;100.0;120.0;140.0;160.0;180.0;200.0;280.0;300.0;320.0;340.0;360.0;380.0;400.0;420.0;440.0;460.0;480.0;500.0;520.0;540.0;560.0
0.260893;0.273786;0.483756;0.086996;0.035055;0.056604;0.108705;0.138749;0.004126;0.319922;1.280079;1.193045;0.283767;0.124019;0.449073;0.260893;0.273786;0.483756;0.086996;0.035055;0.056604;0.108705;0.138749;0.004126;0.319922;1.280079;1.193045;0.283767;0.124019;0.449073;0.260893;0.273786;0.483756;0.086996;0.035055;0.056604;0.108705;0.138749;0.004126;0.319922;1.280079;1.193045;0.283767;0.124019;0.449073;0.260893;0.273786;0.483756
-560.0;-540.0;-520.0;-500.0;-480.0;-440.0;-420.0;-400.0;-380.0;-360.0;-340.0;-320.0;-300.0;-280.0;-260.0;-240.0;-220.0;-200.0;-180.0;-160.0;-140.0;-120.0;-80.0;-60.0;-40.0;-20.0;0.0;20.0;40.0;60.0;80.0;100.0;120.0;140.0;160.0;180.0;200.0;220.0;240.0;280.0;300.0;320.0;340.0;360.0;380.0;400.0;420.0;440.0;460.0;480.0;500.0;520.0;540.0;560.0
-0.202959;-0.007542;-0.146661;-0.408987;0.065543;-0.60945;-0.527742;-0.654506;-0.690693;-0.346917;-0.114468;0.05675;-0.193902;-0.054391;0.107679;0.093876;-0.079112;-0.202959;-0.007542;-0.146661;-0.408987;0.065543;-0.60945;-0.527742;-0.654506;-0.690693;-0.346917;-0.114468;0.05675;-0.193902;-0.054391;0.107679;0.093876;-0.079112;-0.202959;-0.007542;-0.146661;-0.408987;0.065543;-0.60945;-0.527742;-0.654506;-0.690693;-0.346917;-0.114468;0.05675;-0.193902;-0.054391;0.107679;0.093876;-0.079112;-0.202959;-0.007542;-0.146661
