CB chi aa
-0.297298258621
-0.0818;2.18483866667;-0.205601333333;0.22416825;-0.822380666667;-0.297298258621;0.317949;-1.2492555;-0.410098;-0.603012333333;-0.682110333333;-0.216515666667;-0.3003045;-0.197012333333;-0.621360333333;-0.645596;-1.026777;-0.85703275;-0.255173;0.514305
-0.593677166667;0.0227531764706;-0.229229;-0.683998;-0.0818;-0.297298258621
A;C;D;E;F;G;H;I;K;L;M;N;P;Q;R;S;T;V;W;Y
60.000000;180.000000;300.000000;Unknown;ALA;GLY
0.0;0.0;0.0;0.0;-0.0818;0.0
60.000000;180.000000;300.000000;Unknown;ALA;GLY
2.058788;3.820055;0.675673;0.0;0.0;0.0
60.000000;180.000000;300.000000;Unknown;ALA;GLY
-1.27432;0.385989;0.271527;0.0;0.0;0.0
60.000000;180.000000;300.000000;Unknown;ALA;GLY
0.117934;-0.001709;0.113125;0.667323;0.0;0.0
60.000000;180.000000;300.000000;Unknown;ALA;GLY
-1.655908;-0.311937;-0.499297;0.0;0.0;0.0
60.000000;180.000000;300.000000;Unknown;ALA;GLY
0.0;0.0;0.0;0.0;0.0;0.0
60.000000;180.000000;300.000000;Unknown;ALA;GLY
-0.170804;0.996279;0.128372;0.0;0.0;0.0
60.000000;180.000000;300.000000;Unknown;ALA;GLY
-0.805766;-0.554685;-1.152881;-2.48369;0.0;0.0
60.000000;180.000000;300.000000;Unknown;ALA;GLY
-0.089896;-0.642225;-0.498173;0.0;0.0;0.0
60.000000;180.000000;300.000000;Unknown;ALA;GLY
-1.530534;-0.050933;-0.22757;0.0;0.0;0.0
60.000000;180.000000;300.000000;Unknown;ALA;GLY
-1.250481;-0.402539;-0.393311;0.0;0.0;0.0
60.000000;180.000000;300.000000;Unknown;ALA;GLY
-1.15847;0.315509;0.193414;0.0;0.0;0.0
60.000000;180.000000;300.000000;Unknown;ALA;GLY
-0.379991;0.0;-0.220618;0.0;0.0;0.0
60.000000;180.000000;300.000000;Unknown;ALA;GLY
-0.369531;-0.084131;-0.137375;0.0;0.0;0.0
60.000000;180.000000;300.000000;Unknown;ALA;GLY
-1.022447;-0.55779;-0.283844;0.0;0.0;0.0
60.000000;180.000000;300.000000;Unknown;ALA;GLY
-0.364415;-1.150837;-0.421536;0.0;0.0;0.0
60.000000;180.000000;300.000000;Unknown;ALA;GLY
-0.612669;-2.196493;-0.807496;-0.49045;0.0;0.0
60.000000;180.000000;300.000000;Unknown;ALA;GLY
-1.075088;-1.118463;-0.805405;-0.429175;0.0;0.0
60.000000;180.000000;300.000000;Unknown;ALA;GLY
-1.400636;0.999448;-0.364331;0.0;0.0;0.0
60.000000;180.000000;300.000000;Unknown;ALA;GLY
0.298045;0.941266;0.303604;0.0;0.0;0.0
