120.;240.;360.;?;ALA
-540.000000;-520.000000;-500.000000;-480.000000;-460.000000;-440.000000;-420.000000;-400.000000;-340.000000;-320.000000;-180.000000;-160.000000;-140.000000;-120.000000;-100.000000;-80.000000;-60.000000;-40.000000;20.000000;40.000000;180.000000;200.000000;220.000000;240.000000;260.000000;280.000000;300.000000;320.000000;380.000000;400.000000;540.000000
-0.792223;-0.576538;-0.337731;-0.360363;-0.156611;-0.201524;-0.542681;-0.716251;1.562892;1.562892;-0.792223;-0.576538;-0.337731;-0.360363;-0.156611;-0.201524;-0.542681;-0.716251;1.562892;1.562892;-0.792223;-0.576538;-0.337731;-0.360363;-0.156611;-0.201524;-0.542681;-0.716251;1.562892;1.562892;-0.792223
-540.000000;-520.000000;-500.000000;-480.000000;-460.000000;-440.000000;-420.000000;-400.000000;-380.000000;-320.000000;-300.000000;-280.000000;-180.000000;-160.000000;-140.000000;-120.000000;-100.000000;-80.000000;-60.000000;-40.000000;-20.000000;40.000000;60.000000;80.000000;180.000000;200.000000;220.000000;240.000000;260.000000;280.000000;300.000000;320.000000;340.000000;400.000000;420.000000;440.000000;540.000000
0.194767;-0.056309;-0.007158;-0.079305;-0.256958;-0.269178;-0.284404;-0.334595;0.048477;1.190818;1.208871;1.263031;0.194767;-0.056309;-0.007158;-0.079305;-0.256958;-0.269178;-0.284404;-0.334595;0.048477;1.190818;1.208871;1.263031;0.194767;-0.056309;-0.007158;-0.079305;-0.256958;-0.269178;-0.284404;-0.334595;0.048477;1.190818;1.208871;1.263031;0.194767
-520.000000;-500.000000;-480.000000;-460.000000;-440.000000;-420.000000;-400.000000;-380.000000;-320.000000;-300.000000;-280.000000;-160.000000;-140.000000;-120.000000;-100.000000;-80.000000;-60.000000;-40.000000;-20.000000;40.000000;60.000000;80.000000;200.000000;220.000000;240.000000;260.000000;280.000000;300.000000;320.000000;340.000000;400.000000;420.000000;440.000000
0.808948;0.540878;-0.004364;-0.333879;-0.493374;-0.558218;-0.487925;-1.109802;0.153233;0.066622;-0.164343;0.808948;0.540878;-0.004364;-0.333879;-0.493374;-0.558218;-0.487925;-1.109802;0.153233;0.066622;-0.164343;0.808948;0.540878;-0.004364;-0.333879;-0.493374;-0.558218;-0.487925;-1.109802;0.153233;0.066622;-0.164343
-520.000000;-500.000000;-480.000000;-460.000000;-440.000000;-420.000000;-160.000000;-140.000000;-120.000000;-100.000000;-80.000000;-60.000000;200.000000;220.000000;240.000000;260.000000;280.000000;300.000000
0.299681;0.201435;0.004943;-0.604565;-0.787366;-0.878767;0.299681;0.201435;0.004943;-0.604565;-0.787366;-0.878767;0.299681;0.201435;0.004943;-0.604565;-0.787366;-0.878767
-540.000000;-520.000000;-500.000000;-480.000000;-460.000000;-440.000000;-420.000000;-400.000000;-320.000000;-300.000000;-180.000000;-160.000000;-140.000000;-120.000000;-100.000000;-80.000000;-60.000000;-40.000000;40.000000;60.000000;180.000000;200.000000;220.000000;240.000000;260.000000;280.000000;300.000000;320.000000;400.000000;420.000000;540.000000
0.359809;0.318474;0.260314;0.185391;0.150160;-0.516669;-0.650577;-0.693528;0.165192;0.165192;0.359809;0.318474;0.260314;0.185391;0.150160;-0.516669;-0.650577;-0.693528;0.165192;0.165192;0.359809;0.318474;0.260314;0.185391;0.150160;-0.516669;-0.650577;-0.693528;0.165192;0.165192;0.359809
