-540.000000;-520.000000;-500.000000;-480.000000;-460.000000;-440.000000;-420.000000;-400.000000;-380.000000;-320.000000;-300.000000;-280.000000;-180.000000;-160.000000;-140.000000;-120.000000;-100.000000;-80.000000;-60.000000;-40.000000;-20.000000;40.000000;60.000000;80.000000;180.000000;200.000000;220.000000;240.000000;260.000000;280.000000;300.000000;320.000000;340.000000;400.000000;420.000000;440.000000;540.000000
-560.000000;-540.000000;-520.000000;-500.000000;-260.000000;-240.000000;-220.000000;-200.000000;-180.000000;-160.000000;-140.000000;100.000000;120.000000;140.000000;160.000000;180.000000;200.000000;220.000000;460.000000;480.000000;500.000000;520.000000;540.000000
2.183440;2.414853;4.174951;4.174951;2.251412;2.576022;2.156598;2.183440;2.414853;4.174951;4.174951;2.251412;2.576022;2.156598;2.183440;2.414853;4.174951;4.174951;2.251412;2.576022;2.156598;2.183440;2.414853
-560.000000;-540.000000;-520.000000;-500.000000;-360.000000;-340.000000;-320.000000;-280.000000;-260.000000;-240.000000;-220.000000;-200.000000;-180.000000;-160.000000;-140.000000;0.000000;20.000000;40.000000;80.000000;100.000000;120.000000;140.000000;160.000000;180.000000;200.000000;220.000000;360.000000;380.000000;400.000000;440.000000;460.000000;480.000000;500.000000;520.000000;540.000000
2.821312;2.825264;2.413194;4.174951;3.077666;0.946594;-0.118941;2.180490;1.787469;2.847536;2.888667;2.821312;2.825264;2.413194;4.174951;3.077666;0.946594;-0.118941;2.180490;1.787469;2.847536;2.888667;2.821312;2.825264;2.413194;4.174951;3.077666;0.946594;-0.118941;2.180490;1.787469;2.847536;2.888667;2.821312;2.825264
-560.000000;-540.000000;-520.000000;-500.000000;-480.000000;-440.000000;-420.000000;-400.000000;-380.000000;-360.000000;-340.000000;-320.000000;-300.000000;-280.000000;-260.000000;-240.000000;-220.000000;-200.000000;-180.000000;-160.000000;-140.000000;-120.000000;-80.000000;-60.000000;-40.000000;-20.000000;0.000000;20.000000;40.000000;60.000000;80.000000;100.000000;120.000000;140.000000;160.000000;180.000000;200.000000;220.000000;240.000000;280.000000;300.000000;320.000000;340.000000;360.000000;380.000000;400.000000;420.000000;440.000000;460.000000;480.000000;500.000000;520.000000;540.000000
2.941929;2.985979;2.052191;0.842299;-0.324331;1.449760;1.449760;2.191974;0.997858;0.950296;0.482161;-0.213547;-0.262363;0.598642;1.837145;2.324717;2.707260;2.941929;2.985979;2.052191;0.842299;-0.324331;1.449760;1.449760;2.191974;0.997858;0.950296;0.482161;-0.213547;-0.262363;0.598642;1.837145;2.324717;2.707260;2.941929;2.985979;2.052191;0.842299;-0.324331;1.449760;1.449760;2.191974;0.997858;0.950296;0.482161;-0.213547;-0.262363;0.598642;1.837145;2.324717;2.707260;2.941929;2.985979
-560.000000;-540.000000;-520.000000;-500.000000;-480.000000;-440.000000;-420.000000;-400.000000;-380.000000;-360.000000;-340.000000;-320.000000;-300.000000;-280.000000;-260.000000;-240.000000;-220.000000;-200.000000;-180.000000;-160.000000;-140.000000;-120.000000;-80.000000;-60.000000;-40.000000;-20.000000;0.000000;20.000000;40.000000;60.000000;80.000000;100.000000;120.000000;140.000000;160.000000;180.000000;200.000000;220.000000;240.000000;280.000000;300.000000;320.000000;340.000000;360.000000;380.000000;400.000000;420.000000;440.000000;460.000000;480.000000;500.000000;520.000000;540.000000
2.624374;2.664216;2.207927;0.842299;-0.324331;1.711873;0.997802;1.013743;0.960883;0.186356;-0.142137;-0.001496;-0.316202;0.204253;1.334279;1.747621;2.174081;2.624374;2.664216;2.207927;0.842299;-0.324331;1.711873;0.997802;1.013743;0.960883;0.186356;-0.142137;-0.001496;-0.316202;0.204253;1.334279;1.747621;2.174081;2.624374;2.664216;2.207927;0.842299;-0.324331;1.711873;0.997802;1.013743;0.960883;0.186356;-0.142137;-0.001496;-0.316202;0.204253;1.334279;1.747621;2.174081;2.624374;2.664216
-560.000000;-540.000000;-520.000000;-500.000000;-440.000000;-420.000000;-400.000000;-380.000000;-360.000000;-340.000000;-320.000000;-300.000000;-280.000000;-260.000000;-240.000000;-220.000000;-200.000000;-180.000000;-160.000000;-140.000000;-80.000000;-60.000000;-40.000000;-20.000000;0.000000;20.000000;40.000000;60.000000;80.000000;100.000000;120.000000;140.000000;160.000000;180.000000;200.000000;220.000000;280.000000;300.000000;320.000000;340.000000;360.000000;380.000000;400.000000;420.000000;440.000000;460.000000;480.000000;500.000000;520.000000;540.000000
1.686039;1.852903;2.016050;-0.370123;-0.187229;0.122603;0.158654;0.038978;-0.290809;-0.441026;0.055173;-1.095827;-0.670891;0.355021;0.981504;1.362502;1.686039;1.852903;2.016050;-0.370123;-0.187229;0.122603;0.158654;0.038978;-0.290809;-0.441026;0.055173;-1.095827;-0.670891;0.355021;0.981504;1.362502;1.686039;1.852903;2.016050;-0.370123;-0.187229;0.122603;0.158654;0.038978;-0.290809;-0.441026;0.055173;-1.095827;-0.670891;0.355021;0.981504;1.362502;1.686039;1.852903
-560.000000;-540.000000;-520.000000;-500.000000;-440.000000;-420.000000;-400.000000;-380.000000;-360.000000;-340.000000;-320.000000;-300.000000;-280.000000;-260.000000;-240.000000;-220.000000;-200.000000;-180.000000;-160.000000;-140.000000;-80.000000;-60.000000;-40.000000;-20.000000;0.000000;20.000000;40.000000;60.000000;80.000000;100.000000;120.000000;140.000000;160.000000;180.000000;200.000000;220.000000;280.000000;300.000000;320.000000;340.000000;360.000000;380.000000;400.000000;420.000000;440.000000;460.000000;480.000000;500.000000;520.000000;540.000000
0.733932;1.140194;1.821800;-0.370123;-0.791877;-0.461363;-0.531439;-0.550737;-0.528179;-0.771089;-0.290018;-1.178309;-0.969947;-0.062153;0.433636;0.616605;0.733932;1.140194;1.821800;-0.370123;-0.791877;-0.461363;-0.531439;-0.550737;-0.528179;-0.771089;-0.290018;-1.178309;-0.969947;-0.062153;0.433636;0.616605;0.733932;1.140194;1.821800;-0.370123;-0.791877;-0.461363;-0.531439;-0.550737;-0.528179;-0.771089;-0.290018;-1.178309;-0.969947;-0.062153;0.433636;0.616605;0.733932;1.140194
-560.000000;-540.000000;-440.000000;-420.000000;-400.000000;-380.000000;-360.000000;-340.000000;-300.000000;-280.000000;-260.000000;-240.000000;-220.000000;-200.000000;-180.000000;-80.000000;-60.000000;-40.000000;-20.000000;0.000000;20.000000;60.000000;80.000000;100.000000;120.000000;140.000000;160.000000;180.000000;280.000000;300.000000;320.000000;340.000000;360.000000;380.000000;420.000000;440.000000;460.000000;480.000000;500.000000;520.000000
0.558654;0.532806;-0.789508;-0.552448;-0.605221;-0.665013;-0.700995;-0.952782;-1.682863;-1.682863;0.218390;0.393650;0.484051;0.558654;0.532806;-0.789508;-0.552448;-0.605221;-0.665013;-0.700995;-0.952782;-1.682863;-1.682863;0.218390;0.393650;0.484051;0.558654;0.532806;-0.789508;-0.552448;-0.605221;-0.665013;-0.700995;-0.952782;-1.682863;-1.682863;0.218390;0.393650;0.484051;0.558654
-560.000000;-540.000000;-420.000000;-400.000000;-380.000000;-360.000000;-260.000000;-240.000000;-220.000000;-200.000000;-180.000000;-60.000000;-40.000000;-20.000000;0.000000;100.000000;120.000000;140.000000;160.000000;180.000000;300.000000;320.000000;340.000000;360.000000;460.000000;480.000000;500.000000;520.000000
0.814915;0.486229;-0.657632;-0.664823;-0.658801;-0.123476;0.537203;0.317594;0.465377;0.814915;0.486229;-0.657632;-0.664823;-0.658801;-0.123476;0.537203;0.317594;0.465377;0.814915;0.486229;-0.657632;-0.664823;-0.658801;-0.123476;0.537203;0.317594;0.465377;0.814915
-560.000000;-420.000000;-400.000000;-240.000000;-220.000000;-200.000000;-60.000000;-40.000000;120.000000;140.000000;160.000000;300.000000;320.000000;480.000000;500.000000
2.937231;0.290039;0.290039;-0.048253;1.444489;2.937231;0.290039;0.290039;-0.048253;1.444489;2.937231;0.290039;0.290039;-0.048253;1.444489
-480.000000;-460.000000;-360.000000;-340.000000;-320.000000;-300.000000;-120.000000;-100.000000;0.000000;20.000000;40.000000;60.000000;240.000000;260.000000;360.000000;380.000000;400.000000
-0.117755;-0.117755;-2.460411;-2.762410;-2.801287;-2.774385;-0.117755;-0.117755;-2.460411;-2.762410;-2.801287;-2.774385;-0.117755;-0.117755;-2.460411;-2.762410;-2.801287
-480.000000;-460.000000;-440.000000;-420.000000;-380.000000;-360.000000;-340.000000;-320.000000;-300.000000;-280.000000;-260.000000;-240.000000;-220.000000;-120.000000;-100.000000;-80.000000;-60.000000;-20.000000;0.000000;20.000000;40.000000;60.000000;80.000000;100.000000;120.000000;140.000000;240.000000;260.000000;280.000000;300.000000;340.000000;360.000000;380.000000;400.000000;420.000000;440.000000;460.000000;480.000000
-1.288171;-1.288171;-2.235232;-2.235232;-1.715272;-2.564128;-2.896139;-3.052044;-3.155388;-2.825515;-1.942777;-0.147088;-0.147088;-1.288171;-1.288171;-2.235232;-2.235232;-1.715272;-2.564128;-2.896139;-3.052044;-3.155388;-2.825515;-1.942777;-0.147088;-0.147088;-1.288171;-1.288171;-2.235232;-2.235232;-1.715272;-2.564128;-2.896139;-3.052044;-3.155388;-2.825515;-1.942777;-0.147088
-480.000000;-460.000000;-440.000000;-420.000000;-380.000000;-360.000000;-340.000000;-320.000000;-300.000000;-280.000000;-260.000000;-240.000000;-220.000000;-120.000000;-100.000000;-80.000000;-60.000000;-20.000000;0.000000;20.000000;40.000000;60.000000;80.000000;100.000000;120.000000;140.000000;240.000000;260.000000;280.000000;300.000000;340.000000;360.000000;380.000000;400.000000;420.000000;440.000000;460.000000;480.000000
-2.458587;-2.458587;-2.235232;-2.235232;-1.715272;-2.593762;-3.029868;-3.503407;-3.764993;-2.825515;-1.942777;-0.147088;-0.147088;-2.458587;-2.458587;-2.235232;-2.235232;-1.715272;-2.593762;-3.029868;-3.503407;-3.764993;-2.825515;-1.942777;-0.147088;-0.147088;-2.458587;-2.458587;-2.235232;-2.235232;-1.715272;-2.593762;-3.029868;-3.503407;-3.764993;-2.825515;-1.942777;-0.147088
-560.000000;-540.000000;-520.000000;-500.000000;-260.000000;-240.000000;-220.000000;-200.000000;-180.000000;-160.000000;-140.000000;100.000000;120.000000;140.000000;160.000000;180.000000;200.000000;220.000000;460.000000;480.000000;500.000000;520.000000;540.000000
2.183440;2.414853;4.174951;4.174951;2.251412;2.576022;2.156598;2.183440;2.414853;4.174951;4.174951;2.251412;2.576022;2.156598;2.183440;2.414853;4.174951;4.174951;2.251412;2.576022;2.156598;2.183440;2.414853
-560.000000;-540.000000;-520.000000;-500.000000;-360.000000;-340.000000;-320.000000;-280.000000;-260.000000;-240.000000;-220.000000;-200.000000;-180.000000;-160.000000;-140.000000;0.000000;20.000000;40.000000;80.000000;100.000000;120.000000;140.000000;160.000000;180.000000;200.000000;220.000000;360.000000;380.000000;400.000000;440.000000;460.000000;480.000000;500.000000;520.000000;540.000000
2.821312;2.825264;2.413194;4.174951;3.077666;0.946594;-0.118941;2.180490;1.787469;2.847536;2.888667;2.821312;2.825264;2.413194;4.174951;3.077666;0.946594;-0.118941;2.180490;1.787469;2.847536;2.888667;2.821312;2.825264;2.413194;4.174951;3.077666;0.946594;-0.118941;2.180490;1.787469;2.847536;2.888667;2.821312;2.825264
-560.000000;-540.000000;-520.000000;-500.000000;-480.000000;-440.000000;-420.000000;-400.000000;-380.000000;-360.000000;-340.000000;-320.000000;-300.000000;-280.000000;-260.000000;-240.000000;-220.000000;-200.000000;-180.000000;-160.000000;-140.000000;-120.000000;-80.000000;-60.000000;-40.000000;-20.000000;0.000000;20.000000;40.000000;60.000000;80.000000;100.000000;120.000000;140.000000;160.000000;180.000000;200.000000;220.000000;240.000000;280.000000;300.000000;320.000000;340.000000;360.000000;380.000000;400.000000;420.000000;440.000000;460.000000;480.000000;500.000000;520.000000;540.000000
2.941929;2.985979;2.052191;0.842299;-0.324331;1.449760;1.449760;2.191974;0.997858;0.950296;0.482161;-0.213547;-0.262363;0.598642;1.837145;2.324717;2.707260;2.941929;2.985979;2.052191;0.842299;-0.324331;1.449760;1.449760;2.191974;0.997858;0.950296;0.482161;-0.213547;-0.262363;0.598642;1.837145;2.324717;2.707260;2.941929;2.985979;2.052191;0.842299;-0.324331;1.449760;1.449760;2.191974;0.997858;0.950296;0.482161;-0.213547;-0.262363;0.598642;1.837145;2.324717;2.707260;2.941929;2.985979
-560.000000;-540.000000;-520.000000;-500.000000;-480.000000;-440.000000;-420.000000;-400.000000;-380.000000;-360.000000;-340.000000;-320.000000;-300.000000;-280.000000;-260.000000;-240.000000;-220.000000;-200.000000;-180.000000;-160.000000;-140.000000;-120.000000;-80.000000;-60.000000;-40.000000;-20.000000;0.000000;20.000000;40.000000;60.000000;80.000000;100.000000;120.000000;140.000000;160.000000;180.000000;200.000000;220.000000;240.000000;280.000000;300.000000;320.000000;340.000000;360.000000;380.000000;400.000000;420.000000;440.000000;460.000000;480.000000;500.000000;520.000000;540.000000
2.624374;2.664216;2.207927;0.842299;-0.324331;1.711873;0.997802;1.013743;0.960883;0.186356;-0.142137;-0.001496;-0.316202;0.204253;1.334279;1.747621;2.174081;2.624374;2.664216;2.207927;0.842299;-0.324331;1.711873;0.997802;1.013743;0.960883;0.186356;-0.142137;-0.001496;-0.316202;0.204253;1.334279;1.747621;2.174081;2.624374;2.664216;2.207927;0.842299;-0.324331;1.711873;0.997802;1.013743;0.960883;0.186356;-0.142137;-0.001496;-0.316202;0.204253;1.334279;1.747621;2.174081;2.624374;2.664216
-560.000000;-540.000000;-520.000000;-500.000000;-440.000000;-420.000000;-400.000000;-380.000000;-360.000000;-340.000000;-320.000000;-300.000000;-280.000000;-260.000000;-240.000000;-220.000000;-200.000000;-180.000000;-160.000000;-140.000000;-80.000000;-60.000000;-40.000000;-20.000000;0.000000;20.000000;40.000000;60.000000;80.000000;100.000000;120.000000;140.000000;160.000000;180.000000;200.000000;220.000000;280.000000;300.000000;320.000000;340.000000;360.000000;380.000000;400.000000;420.000000;440.000000;460.000000;480.000000;500.000000;520.000000;540.000000
1.686039;1.852903;2.016050;-0.370123;-0.187229;0.122603;0.158654;0.038978;-0.290809;-0.441026;0.055173;-1.095827;-0.670891;0.355021;0.981504;1.362502;1.686039;1.852903;2.016050;-0.370123;-0.187229;0.122603;0.158654;0.038978;-0.290809;-0.441026;0.055173;-1.095827;-0.670891;0.355021;0.981504;1.362502;1.686039;1.852903;2.016050;-0.370123;-0.187229;0.122603;0.158654;0.038978;-0.290809;-0.441026;0.055173;-1.095827;-0.670891;0.355021;0.981504;1.362502;1.686039;1.852903
-560.000000;-540.000000;-520.000000;-500.000000;-440.000000;-420.000000;-400.000000;-380.000000;-360.000000;-340.000000;-320.000000;-300.000000;-280.000000;-260.000000;-240.000000;-220.000000;-200.000000;-180.000000;-160.000000;-140.000000;-80.000000;-60.000000;-40.000000;-20.000000;0.000000;20.000000;40.000000;60.000000;80.000000;100.000000;120.000000;140.000000;160.000000;180.000000;200.000000;220.000000;280.000000;300.000000;320.000000;340.000000;360.000000;380.000000;400.000000;420.000000;440.000000;460.000000;480.000000;500.000000;520.000000;540.000000
0.733932;1.140194;1.821800;-0.370123;-0.791877;-0.461363;-0.531439;-0.550737;-0.528179;-0.771089;-0.290018;-1.178309;-0.969947;-0.062153;0.433636;0.616605;0.733932;1.140194;1.821800;-0.370123;-0.791877;-0.461363;-0.531439;-0.550737;-0.528179;-0.771089;-0.290018;-1.178309;-0.969947;-0.062153;0.433636;0.616605;0.733932;1.140194;1.821800;-0.370123;-0.791877;-0.461363;-0.531439;-0.550737;-0.528179;-0.771089;-0.290018;-1.178309;-0.969947;-0.062153;0.433636;0.616605;0.733932;1.140194
-560.000000;-540.000000;-440.000000;-420.000000;-400.000000;-380.000000;-360.000000;-340.000000;-300.000000;-280.000000;-260.000000;-240.000000;-220.000000;-200.000000;-180.000000;-80.000000;-60.000000;-40.000000;-20.000000;0.000000;20.000000;60.000000;80.000000;100.000000;120.000000;140.000000;160.000000;180.000000;280.000000;300.000000;320.000000;340.000000;360.000000;380.000000;420.000000;440.000000;460.000000;480.000000;500.000000;520.000000
0.558654;0.532806;-0.789508;-0.552448;-0.605221;-0.665013;-0.700995;-0.952782;-1.682863;-1.682863;0.218390;0.393650;0.484051;0.558654;0.532806;-0.789508;-0.552448;-0.605221;-0.665013;-0.700995;-0.952782;-1.682863;-1.682863;0.218390;0.393650;0.484051;0.558654;0.532806;-0.789508;-0.552448;-0.605221;-0.665013;-0.700995;-0.952782;-1.682863;-1.682863;0.218390;0.393650;0.484051;0.558654
-560.000000;-540.000000;-420.000000;-400.000000;-380.000000;-360.000000;-260.000000;-240.000000;-220.000000;-200.000000;-180.000000;-60.000000;-40.000000;-20.000000;0.000000;100.000000;120.000000;140.000000;160.000000;180.000000;300.000000;320.000000;340.000000;360.000000;460.000000;480.000000;500.000000;520.000000
0.814915;0.486229;-0.657632;-0.664823;-0.658801;-0.123476;0.537203;0.317594;0.465377;0.814915;0.486229;-0.657632;-0.664823;-0.658801;-0.123476;0.537203;0.317594;0.465377;0.814915;0.486229;-0.657632;-0.664823;-0.658801;-0.123476;0.537203;0.317594;0.465377;0.814915
-560.000000;-420.000000;-400.000000;-240.000000;-220.000000;-200.000000;-60.000000;-40.000000;120.000000;140.000000;160.000000;300.000000;320.000000;480.000000;500.000000
2.937231;0.290039;0.290039;-0.048253;1.444489;2.937231;0.290039;0.290039;-0.048253;1.444489;2.937231;0.290039;0.290039;-0.048253;1.444489
-480.000000;-460.000000;-360.000000;-340.000000;-320.000000;-300.000000;-120.000000;-100.000000;0.000000;20.000000;40.000000;60.000000;240.000000;260.000000;360.000000;380.000000;400.000000
-0.117755;-0.117755;-2.460411;-2.762410;-2.801287;-2.774385;-0.117755;-0.117755;-2.460411;-2.762410;-2.801287;-2.774385;-0.117755;-0.117755;-2.460411;-2.762410;-2.801287
-480.000000;-460.000000;-440.000000;-420.000000;-380.000000;-360.000000;-340.000000;-320.000000;-300.000000;-280.000000;-260.000000;-240.000000;-220.000000;-120.000000;-100.000000;-80.000000;-60.000000;-20.000000;0.000000;20.000000;40.000000;60.000000;80.000000;100.000000;120.000000;140.000000;240.000000;260.000000;280.000000;300.000000;340.000000;360.000000;380.000000;400.000000;420.000000;440.000000;460.000000;480.000000
-1.288171;-1.288171;-2.235232;-2.235232;-1.715272;-2.564128;-2.896139;-3.052044;-3.155388;-2.825515;-1.942777;-0.147088;-0.147088;-1.288171;-1.288171;-2.235232;-2.235232;-1.715272;-2.564128;-2.896139;-3.052044;-3.155388;-2.825515;-1.942777;-0.147088;-0.147088;-1.288171;-1.288171;-2.235232;-2.235232;-1.715272;-2.564128;-2.896139;-3.052044;-3.155388;-2.825515;-1.942777;-0.147088
-480.000000;-460.000000;-440.000000;-420.000000;-380.000000;-360.000000;-340.000000;-320.000000;-300.000000;-280.000000;-260.000000;-240.000000;-220.000000;-120.000000;-100.000000;-80.000000;-60.000000;-20.000000;0.000000;20.000000;40.000000;60.000000;80.000000;100.000000;120.000000;140.000000;240.000000;260.000000;280.000000;300.000000;340.000000;360.000000;380.000000;400.000000;420.000000;440.000000;460.000000;480.000000
-2.458587;-2.458587;-2.235232;-2.235232;-1.715272;-2.593762;-3.029868;-3.503407;-3.764993;-2.825515;-1.942777;-0.147088;-0.147088;-2.458587;-2.458587;-2.235232;-2.235232;-1.715272;-2.593762;-3.029868;-3.503407;-3.764993;-2.825515;-1.942777;-0.147088;-0.147088;-2.458587;-2.458587;-2.235232;-2.235232;-1.715272;-2.593762;-3.029868;-3.503407;-3.764993;-2.825515;-1.942777;-0.147088
-560.000000;-540.000000;-520.000000;-500.000000;-260.000000;-240.000000;-220.000000;-200.000000;-180.000000;-160.000000;-140.000000;100.000000;120.000000;140.000000;160.000000;180.000000;200.000000;220.000000;460.000000;480.000000;500.000000;520.000000;540.000000
2.183440;2.414853;4.174951;4.174951;2.251412;2.576022;2.156598;2.183440;2.414853;4.174951;4.174951;2.251412;2.576022;2.156598;2.183440;2.414853;4.174951;4.174951;2.251412;2.576022;2.156598;2.183440;2.414853
-560.000000;-540.000000;-520.000000;-500.000000;-360.000000;-340.000000;-320.000000;-280.000000;-260.000000;-240.000000;-220.000000;-200.000000;-180.000000;-160.000000;-140.000000;0.000000;20.000000;40.000000;80.000000;100.000000;120.000000;140.000000;160.000000;180.000000;200.000000;220.000000;360.000000;380.000000;400.000000;440.000000;460.000000;480.000000;500.000000;520.000000;540.000000
2.821312;2.825264;2.413194;4.174951;3.077666;0.946594;-0.118941;2.180490;1.787469;2.847536;2.888667;2.821312;2.825264;2.413194;4.174951;3.077666;0.946594;-0.118941;2.180490;1.787469;2.847536;2.888667;2.821312;2.825264;2.413194;4.174951;3.077666;0.946594;-0.118941;2.180490;1.787469;2.847536;2.888667;2.821312;2.825264
-560.000000;-540.000000;-520.000000;-500.000000;-480.000000;-440.000000;-420.000000;-400.000000;-380.000000;-360.000000;-340.000000;-320.000000;-300.000000;-280.000000;-260.000000;-240.000000;-220.000000;-200.000000;-180.000000;-160.000000;-140.000000;-120.000000;-80.000000;-60.000000;-40.000000;-20.000000;0.000000;20.000000;40.000000;60.000000;80.000000;100.000000;120.000000;140.000000;160.000000;180.000000;200.000000;220.000000;240.000000;280.000000;300.000000;320.000000;340.000000;360.000000;380.000000;400.000000;420.000000;440.000000;460.000000;480.000000;500.000000;520.000000;540.000000
2.941929;2.985979;2.052191;0.842299;-0.324331;1.449760;1.449760;2.191974;0.997858;0.950296;0.482161;-0.213547;-0.262363;0.598642;1.837145;2.324717;2.707260;2.941929;2.985979;2.052191;0.842299;-0.324331;1.449760;1.449760;2.191974;0.997858;0.950296;0.482161;-0.213547;-0.262363;0.598642;1.837145;2.324717;2.707260;2.941929;2.985979;2.052191;0.842299;-0.324331;1.449760;1.449760;2.191974;0.997858;0.950296;0.482161;-0.213547;-0.262363;0.598642;1.837145;2.324717;2.707260;2.941929;2.985979
-560.000000;-540.000000;-520.000000;-500.000000;-480.000000;-440.000000;-420.000000;-400.000000;-380.000000;-360.000000;-340.000000;-320.000000;-300.000000;-280.000000;-260.000000;-240.000000;-220.000000;-200.000000;-180.000000;-160.000000;-140.000000;-120.000000;-80.000000;-60.000000;-40.000000;-20.000000;0.000000;20.000000;40.000000;60.000000;80.000000;100.000000;120.000000;140.000000;160.000000;180.000000;200.000000;220.000000;240.000000;280.000000;300.000000;320.000000;340.000000;360.000000;380.000000;400.000000;420.000000;440.000000;460.000000;480.000000;500.000000;520.000000;540.000000
2.624374;2.664216;2.207927;0.842299;-0.324331;1.711873;0.997802;1.013743;0.960883;0.186356;-0.142137;-0.001496;-0.316202;0.204253;1.334279;1.747621;2.174081;2.624374;2.664216;2.207927;0.842299;-0.324331;1.711873;0.997802;1.013743;0.960883;0.186356;-0.142137;-0.001496;-0.316202;0.204253;1.334279;1.747621;2.174081;2.624374;2.664216;2.207927;0.842299;-0.324331;1.711873;0.997802;1.013743;0.960883;0.186356;-0.142137;-0.001496;-0.316202;0.204253;1.334279;1.747621;2.174081;2.624374;2.664216
-560.000000;-540.000000;-520.000000;-500.000000;-440.000000;-420.000000;-400.000000;-380.000000;-360.000000;-340.000000;-320.000000;-300.000000;-280.000000;-260.000000;-240.000000;-220.000000;-200.000000;-180.000000;-160.000000;-140.000000;-80.000000;-60.000000;-40.000000;-20.000000;0.000000;20.000000;40.000000;60.000000;80.000000;100.000000;120.000000;140.000000;160.000000;180.000000;200.000000;220.000000;280.000000;300.000000;320.000000;340.000000;360.000000;380.000000;400.000000;420.000000;440.000000;460.000000;480.000000;500.000000;520.000000;540.000000
1.686039;1.852903;2.016050;-0.370123;-0.187229;0.122603;0.158654;0.038978;-0.290809;-0.441026;0.055173;-1.095827;-0.670891;0.355021;0.981504;1.362502;1.686039;1.852903;2.016050;-0.370123;-0.187229;0.122603;0.158654;0.038978;-0.290809;-0.441026;0.055173;-1.095827;-0.670891;0.355021;0.981504;1.362502;1.686039;1.852903;2.016050;-0.370123;-0.187229;0.122603;0.158654;0.038978;-0.290809;-0.441026;0.055173;-1.095827;-0.670891;0.355021;0.981504;1.362502;1.686039;1.852903
-560.000000;-540.000000;-520.000000;-500.000000;-440.000000;-420.000000;-400.000000;-380.000000;-360.000000;-340.000000;-320.000000;-300.000000;-280.000000;-260.000000;-240.000000;-220.000000;-200.000000;-180.000000;-160.000000;-140.000000;-80.000000;-60.000000;-40.000000;-20.000000;0.000000;20.000000;40.000000;60.000000;80.000000;100.000000;120.000000;140.000000;160.000000;180.000000;200.000000;220.000000;280.000000;300.000000;320.000000;340.000000;360.000000;380.000000;400.000000;420.000000;440.000000;460.000000;480.000000;500.000000;520.000000;540.000000
0.733932;1.140194;1.821800;-0.370123;-0.791877;-0.461363;-0.531439;-0.550737;-0.528179;-0.771089;-0.290018;-1.178309;-0.969947;-0.062153;0.433636;0.616605;0.733932;1.140194;1.821800;-0.370123;-0.791877;-0.461363;-0.531439;-0.550737;-0.528179;-0.771089;-0.290018;-1.178309;-0.969947;-0.062153;0.433636;0.616605;0.733932;1.140194;1.821800;-0.370123;-0.791877;-0.461363;-0.531439;-0.550737;-0.528179;-0.771089;-0.290018;-1.178309;-0.969947;-0.062153;0.433636;0.616605;0.733932;1.140194
-560.000000;-540.000000;-440.000000;-420.000000;-400.000000;-380.000000;-360.000000;-340.000000;-300.000000;-280.000000;-260.000000;-240.000000;-220.000000;-200.000000;-180.000000;-80.000000;-60.000000;-40.000000;-20.000000;0.000000;20.000000;60.000000;80.000000;100.000000;120.000000;140.000000;160.000000;180.000000;280.000000;300.000000;320.000000;340.000000;360.000000;380.000000;420.000000;440.000000;460.000000;480.000000;500.000000;520.000000
0.558654;0.532806;-0.789508;-0.552448;-0.605221;-0.665013;-0.700995;-0.952782;-1.682863;-1.682863;0.218390;0.393650;0.484051;0.558654;0.532806;-0.789508;-0.552448;-0.605221;-0.665013;-0.700995;-0.952782;-1.682863;-1.682863;0.218390;0.393650;0.484051;0.558654;0.532806;-0.789508;-0.552448;-0.605221;-0.665013;-0.700995;-0.952782;-1.682863;-1.682863;0.218390;0.393650;0.484051;0.558654
-560.000000;-540.000000;-420.000000;-400.000000;-380.000000;-360.000000;-260.000000;-240.000000;-220.000000;-200.000000;-180.000000;-60.000000;-40.000000;-20.000000;0.000000;100.000000;120.000000;140.000000;160.000000;180.000000;300.000000;320.000000;340.000000;360.000000;460.000000;480.000000;500.000000;520.000000
0.814915;0.486229;-0.657632;-0.664823;-0.658801;-0.123476;0.537203;0.317594;0.465377;0.814915;0.486229;-0.657632;-0.664823;-0.658801;-0.123476;0.537203;0.317594;0.465377;0.814915;0.486229;-0.657632;-0.664823;-0.658801;-0.123476;0.537203;0.317594;0.465377;0.814915
-560.000000;-420.000000;-400.000000;-240.000000;-220.000000;-200.000000;-60.000000;-40.000000;120.000000;140.000000;160.000000;300.000000;320.000000;480.000000;500.000000
2.937231;0.290039;0.290039;-0.048253;1.444489;2.937231;0.290039;0.290039;-0.048253;1.444489;2.937231;0.290039;0.290039;-0.048253;1.444489
-480.000000;-460.000000;-360.000000;-340.000000;-320.000000;-300.000000;-120.000000;-100.000000;0.000000;20.000000;40.000000;60.000000;240.000000;260.000000;360.000000;380.000000;400.000000
-0.117755;-0.117755;-2.460411;-2.762410;-2.801287;-2.774385;-0.117755;-0.117755;-2.460411;-2.762410;-2.801287;-2.774385;-0.117755;-0.117755;-2.460411;-2.762410;-2.801287
-480.000000;-460.000000;-440.000000;-420.000000;-380.000000;-360.000000;-340.000000;-320.000000;-300.000000;-280.000000;-260.000000;-240.000000;-220.000000;-120.000000;-100.000000;-80.000000;-60.000000;-20.000000;0.000000;20.000000;40.000000;60.000000;80.000000;100.000000;120.000000;140.000000;240.000000;260.000000;280.000000;300.000000;340.000000;360.000000;380.000000;400.000000;420.000000;440.000000;460.000000;480.000000
-1.288171;-1.288171;-2.235232;-2.235232;-1.715272;-2.564128;-2.896139;-3.052044;-3.155388;-2.825515;-1.942777;-0.147088;-0.147088;-1.288171;-1.288171;-2.235232;-2.235232;-1.715272;-2.564128;-2.896139;-3.052044;-3.155388;-2.825515;-1.942777;-0.147088;-0.147088;-1.288171;-1.288171;-2.235232;-2.235232;-1.715272;-2.564128;-2.896139;-3.052044;-3.155388;-2.825515;-1.942777;-0.147088
-480.000000;-460.000000;-440.000000;-420.000000;-380.000000;-360.000000;-340.000000;-320.000000;-300.000000;-280.000000;-260.000000;-240.000000;-220.000000;-120.000000;-100.000000;-80.000000;-60.000000;-20.000000;0.000000;20.000000;40.000000;60.000000;80.000000;100.000000;120.000000;140.000000;240.000000;260.000000;280.000000;300.000000;340.000000;360.000000;380.000000;400.000000;420.000000;440.000000;460.000000;480.000000
-2.458587;-2.458587;-2.235232;-2.235232;-1.715272;-2.593762;-3.029868;-3.503407;-3.764993;-2.825515;-1.942777;-0.147088;-0.147088;-2.458587;-2.458587;-2.235232;-2.235232;-1.715272;-2.593762;-3.029868;-3.503407;-3.764993;-2.825515;-1.942777;-0.147088;-0.147088;-2.458587;-2.458587;-2.235232;-2.235232;-1.715272;-2.593762;-3.029868;-3.503407;-3.764993;-2.825515;-1.942777;-0.147088
-560.000000;-540.000000;-520.000000;-500.000000;-260.000000;-240.000000;-220.000000;-200.000000;-180.000000;-160.000000;-140.000000;100.000000;120.000000;140.000000;160.000000;180.000000;200.000000;220.000000;460.000000;480.000000;500.000000;520.000000;540.000000
2.183440;2.414853;4.174951;4.174951;2.251412;2.576022;2.156598;2.183440;2.414853;4.174951;4.174951;2.251412;2.576022;2.156598;2.183440;2.414853;4.174951;4.174951;2.251412;2.576022;2.156598;2.183440;2.414853
-560.000000;-540.000000;-520.000000;-500.000000;-360.000000;-340.000000;-320.000000;-280.000000;-260.000000;-240.000000;-220.000000;-200.000000;-180.000000;-160.000000;-140.000000;0.000000;20.000000;40.000000;80.000000;100.000000;120.000000;140.000000;160.000000;180.000000;200.000000;220.000000;360.000000;380.000000;400.000000;440.000000;460.000000;480.000000;500.000000;520.000000;540.000000
2.821312;2.825264;2.413194;4.174951;3.077666;0.946594;-0.118941;2.180490;1.787469;2.847536;2.888667;2.821312;2.825264;2.413194;4.174951;3.077666;0.946594;-0.118941;2.180490;1.787469;2.847536;2.888667;2.821312;2.825264;2.413194;4.174951;3.077666;0.946594;-0.118941;2.180490;1.787469;2.847536;2.888667;2.821312;2.825264
