60.000000;180.000000;-60.000000;?;ALA;GLY
A;C;D;E;F;G;H;I;K;L;M;N;P;Q;R;S;T;V;W;Y
0.000000;0.000000;0.000000;0.000000;-0.081800;0.000000
2.058788;3.820055;0.675673;0.000000;0.000000;0.000000
-1.274320;0.385989;0.271527;0.000000;0.000000;0.000000
0.117934;-0.001709;0.113125;0.667323;0.000000;0.000000
-1.655908;-0.311937;-0.499297;0.000000;0.000000;0.000000
0.000000;0.000000;0.000000;0.000000;0.000000;0.000000
-0.170804;0.996279;0.128372;0.000000;0.000000;0.000000
-0.805766;-0.554685;-1.152881;-2.483690;0.000000;0.000000
-0.089896;-0.642225;-0.498173;0.000000;0.000000;0.000000
-1.530534;-0.050933;-0.227570;0.000000;0.000000;0.000000
-1.250481;-0.402539;-0.393311;0.000000;0.000000;0.000000
-1.158470;0.315509;0.193414;0.000000;0.000000;0.000000
-0.379991;0.000000;-0.220618;0.000000;0.000000;0.000000
-0.369531;-0.084131;-0.137375;0.000000;0.000000;0.000000
-1.022447;-0.557790;-0.283844;0.000000;0.000000;0.000000
-0.364415;-1.150837;-0.421536;0.000000;0.000000;0.000000
-0.612669;-2.196493;-0.807496;-0.490450;0.000000;0.000000
-1.075088;-1.118463;-0.805405;-0.429175;0.000000;0.000000
-1.400636;0.999448;-0.364331;0.000000;0.000000;0.000000
0.298045;0.941266;0.303604;0.000000;0.000000;0.000000
