CO psi-1 ss
0.0145544868421
0.0574167894737;-0.30075575;0.287002421053
N/A
N/A
N/A
C;H;B
-560.0;-540.0;-520.0;-500.0;-480.0;-460.0;-440.0;-420.0;-400.0;-380.0;-360.0;-340.0;-320.0;-300.0;-280.0;-260.0;-240.0;-220.0;-200.0;-180.0;-160.0;-140.0;-120.0;-100.0;-80.0;-60.0;-40.0;-20.0;0.0;20.0;40.0;60.0;80.0;100.0;120.0;140.0;160.0;180.0;200.0;220.0;240.0;260.0;280.0;300.0;320.0;340.0;360.0;380.0;400.0;420.0;440.0;460.0;480.0;500.0;520.0;540.0;560.0
0.163532;0.004292;-0.682788;-0.799376;-0.117011;0.936281;0.251315;0.090588;-0.227278;-0.162441;0.024717;0.342723;0.518765;0.268353;0.560296;0.284076;-0.26288;-0.106537;0.163532;0.004292;-0.682788;-0.799376;-0.117011;0.936281;0.251315;0.090588;-0.227278;-0.162441;0.024717;0.342723;0.518765;0.268353;0.560296;0.284076;-0.26288;-0.106537;0.163532;0.004292;-0.682788;-0.799376;-0.117011;0.936281;0.251315;0.090588;-0.227278;-0.162441;0.024717;0.342723;0.518765;0.268353;0.560296;0.284076;-0.26288;-0.106537;0.163532;0.004292;-0.682788
-560.0;-540.0;-520.0;-440.0;-420.0;-400.0;-380.0;-360.0;-340.0;-320.0;-300.0;-280.0;-260.0;-240.0;-220.0;-200.0;-180.0;-160.0;-80.0;-60.0;-40.0;-20.0;0.0;20.0;40.0;60.0;80.0;100.0;120.0;140.0;160.0;180.0;200.0;280.0;300.0;320.0;340.0;360.0;380.0;400.0;420.0;440.0;460.0;480.0;500.0;520.0;540.0;560.0
0.108257;-0.236563;-0.892626;-0.12498;-0.068559;-0.157796;-0.276062;-0.250378;-0.012626;-0.714337;-0.684067;-0.642057;-0.438906;-0.337922;0.153093;0.108257;-0.236563;-0.892626;-0.12498;-0.068559;-0.157796;-0.276062;-0.250378;-0.012626;-0.714337;-0.684067;-0.642057;-0.438906;-0.337922;0.153093;0.108257;-0.236563;-0.892626;-0.12498;-0.068559;-0.157796;-0.276062;-0.250378;-0.012626;-0.714337;-0.684067;-0.642057;-0.438906;-0.337922;0.153093;0.108257;-0.236563;-0.892626
-560.0;-540.0;-520.0;-500.0;-480.0;-460.0;-440.0;-420.0;-400.0;-380.0;-360.0;-340.0;-320.0;-300.0;-280.0;-260.0;-240.0;-220.0;-200.0;-180.0;-160.0;-140.0;-120.0;-100.0;-80.0;-60.0;-40.0;-20.0;0.0;20.0;40.0;60.0;80.0;100.0;120.0;140.0;160.0;180.0;200.0;220.0;240.0;260.0;280.0;300.0;320.0;340.0;360.0;380.0;400.0;420.0;440.0;460.0;480.0;500.0;520.0;540.0;560.0
0.096388;0.356472;-0.102951;-0.414006;-0.91758;2.044613;0.081003;-0.29701;0.516016;0.331376;0.281991;0.470429;0.938693;1.537437;0.188122;0.150226;-0.059843;-0.104802;0.096388;0.356472;-0.102951;-0.414006;-0.91758;2.044613;0.081003;-0.29701;0.516016;0.331376;0.281991;0.470429;0.938693;1.537437;0.188122;0.150226;-0.059843;-0.104802;0.096388;0.356472;-0.102951;-0.414006;-0.91758;2.044613;0.081003;-0.29701;0.516016;0.331376;0.281991;0.470429;0.938693;1.537437;0.188122;0.150226;-0.059843;-0.104802;0.096388;0.356472;-0.102951
