CO psi+1 psi
-0.210080362205
-0.504712166667;-0.978756944444;-1.2508365625;-0.1455651;1.98864814286;1.1149665;0.719884571429;0.6477186;0.360151529412;0.160275473684;-0.0961191666667;-0.0353265555556;-0.0408827692308;-0.654747416667;-0.9220120625;-0.774630111111;-0.649214473684;-0.616223421053;-0.504712166667;-0.978756944444;-1.2508365625;-0.1455651;1.98864814286;1.1149665;0.719884571429;0.6477186;0.360151529412;0.160275473684;-0.0961191666667;-0.0353265555556;-0.0408827692308;-0.654747416667;-0.9220120625;-0.774630111111;-0.649214473684;-0.616223421053;-0.504712166667;-0.978756944444;-1.2508365625;-0.1455651;1.98864814286;1.1149665;0.719884571429;0.6477186;0.360151529412;0.160275473684;-0.0961191666667;-0.0353265555556;-0.0408827692308;-0.654747416667;-0.9220120625;-0.774630111111;-0.649214473684;-0.616223421053;-0.504712166667;-0.978756944444;-1.2508365625
N/A
N/A
N/A
-560.0;-540.0;-520.0;-500.0;-480.0;-460.0;-440.0;-420.0;-400.0;-380.0;-360.0;-340.0;-320.0;-300.0;-280.0;-260.0;-240.0;-220.0;-200.0;-180.0;-160.0;-140.0;-120.0;-100.0;-80.0;-60.0;-40.0;-20.0;0.0;20.0;40.0;60.0;80.0;100.0;120.0;140.0;160.0;180.0;200.0;220.0;240.0;260.0;280.0;300.0;320.0;340.0;360.0;380.0;400.0;420.0;440.0;460.0;480.0;500.0;520.0;540.0;560.0
-560.0;-540.0;-520.0;-500.0;-480.0;-440.0;-420.0;-400.0;-380.0;-360.0;-340.0;-320.0;-300.0;-280.0;-260.0;-240.0;-220.0;-200.0;-180.0;-160.0;-140.0;-120.0;-80.0;-60.0;-40.0;-20.0;0.0;20.0;40.0;60.0;80.0;100.0;120.0;140.0;160.0;180.0;240.0;280.0;300.0;320.0;340.0;360.0;380.0;400.0;420.0;440.0;460.0;480.0;500.0;520.0;540.0
-1.374811;-1.443107;-0.606535;0.050359;2.027949;-0.630925;0.183225;0.224496;0.216378;0.214938;-0.307753;-0.802387;-0.955061;-1.025878;-0.89931;-1.204361;-1.308929;-1.374811;-1.443107;-0.606535;0.050359;2.027949;-0.630925;0.183225;0.224496;0.216378;0.214938;-0.307753;-0.802387;-0.955061;-1.025878;-0.89931;-1.204361;-1.308929;-1.374811;-1.443107;-0.606535;-0.630925;0.183225;0.224496;0.216378;0.214938;-0.307753;-0.802387;-0.955061;-1.025878;-0.89931;-1.204361;-1.308929;-1.374811;-1.443107
-560.0;-540.0;-520.0;-500.0;-480.0;-440.0;-420.0;-400.0;-380.0;-360.0;-340.0;-320.0;-300.0;-280.0;-260.0;-240.0;-220.0;-200.0;-180.0;-160.0;-140.0;-120.0;-80.0;-60.0;-40.0;-20.0;0.0;20.0;40.0;60.0;80.0;100.0;120.0;140.0;160.0;180.0;240.0;280.0;300.0;320.0;340.0;360.0;380.0;400.0;420.0;440.0;460.0;480.0;500.0;520.0;540.0
-1.782976;-2.256585;-2.38988;-0.321013;0.536556;-0.630925;-0.026084;-0.096052;-0.247027;-0.153556;-0.215194;-0.887503;-1.112312;-0.84638;-1.480079;-1.722738;-1.729292;-1.782976;-2.256585;-2.38988;-0.321013;0.536556;-0.630925;-0.026084;-0.096052;-0.247027;-0.153556;-0.215194;-0.887503;-1.112312;-0.84638;-1.480079;-1.722738;-1.729292;-1.782976;-2.256585;-2.38988;-0.630925;-0.026084;-0.096052;-0.247027;-0.153556;-0.215194;-0.887503;-1.112312;-0.84638;-1.480079;-1.722738;-1.729292;-1.782976;-2.256585
-560.0;-540.0;-520.0;-500.0;-480.0;-420.0;-400.0;-380.0;-360.0;-340.0;-320.0;-300.0;-260.0;-240.0;-220.0;-200.0;-180.0;-160.0;-140.0;-120.0;-60.0;-40.0;-20.0;0.0;20.0;40.0;60.0;100.0;120.0;140.0;160.0;180.0;240.0;300.0;320.0;340.0;360.0;380.0;400.0;420.0;460.0;480.0;500.0;520.0;540.0
-1.517761;-2.308837;-2.966604;-0.954838;-0.954838;-1.01802;-0.693818;-0.561685;-0.026;0.78926;-0.557483;-1.596339;-1.347895;-2.175594;-1.814096;-1.517761;-2.308837;-2.966604;-0.954838;-0.954838;-1.01802;-0.693818;-0.561685;-0.026;0.78926;-0.557483;-1.596339;-1.347895;-2.175594;-1.814096;-1.517761;-2.308837;-2.966604;-1.01802;-0.693818;-0.561685;-0.026;0.78926;-0.557483;-1.596339;-1.347895;-2.175594;-1.814096;-1.517761;-2.308837
-560.0;-540.0;-520.0;-380.0;-360.0;-340.0;-260.0;-240.0;-220.0;-200.0;-180.0;-160.0;-20.0;0.0;20.0;100.0;120.0;140.0;160.0;180.0;240.0;340.0;360.0;380.0;460.0;480.0;500.0;520.0;540.0
-0.720934;-1.624118;-2.274177;1.853287;1.398246;0.943205;1.172394;0.151973;-0.731409;-0.720934;-1.624118;-2.274177;1.853287;1.398246;0.943205;1.172394;0.151973;-0.731409;-0.720934;-1.624118;-2.274177;1.853287;1.398246;0.943205;1.172394;0.151973;-0.731409;-0.720934;-1.624118
-420.0;-400.0;-380.0;-360.0;-340.0;-260.0;-240.0;-60.0;-40.0;-20.0;0.0;20.0;100.0;120.0;300.0;320.0;340.0;360.0;380.0;460.0
1.375331;1.375331;3.449105;1.719436;0.854602;2.573366;2.573366;1.375331;1.375331;3.449105;1.719436;0.854602;2.573366;2.573366;1.375331;1.375331;3.449105;1.719436;0.854602;2.573366
-420.0;-400.0;-360.0;-340.0;-60.0;-40.0;0.0;20.0;300.0;320.0;360.0
1.375331;1.375331;0.854602;0.854602;1.375331;1.375331;0.854602;0.854602;1.375331;1.375331;0.854602
-560.0;-540.0;-420.0;-400.0;-380.0;-220.0;-200.0;-180.0;-60.0;-40.0;-20.0;140.0;160.0;180.0;300.0;320.0;340.0;500.0;520.0
-0.520192;1.467764;1.542005;1.260583;0.838449;-1.017181;-0.520192;1.467764;1.542005;1.260583;0.838449;-1.017181;-0.520192;1.467764;1.542005;1.260583;0.838449;-1.017181;-0.520192
-560.0;-540.0;-520.0;-440.0;-420.0;-400.0;-380.0;-360.0;-340.0;-320.0;-300.0;-280.0;-240.0;-220.0;-200.0;-180.0;-160.0;-80.0;-60.0;-40.0;-20.0;0.0;20.0;40.0;60.0;80.0;120.0;140.0;160.0;180.0;240.0;280.0;300.0;320.0;340.0;360.0;380.0;400.0;420.0;440.0;480.0;500.0;520.0;540.0
-0.370088;-0.046041;-0.188035;1.636732;1.497271;1.54381;1.591334;1.387002;1.472376;2.312464;-0.025623;-0.025623;-0.495928;-0.527831;-0.370088;-0.046041;-0.188035;1.636732;1.497271;1.54381;1.591334;1.387002;1.472376;2.312464;-0.025623;-0.025623;-0.495928;-0.527831;-0.370088;-0.046041;-0.188035;1.636732;1.497271;1.54381;1.591334;1.387002;1.472376;2.312464;-0.025623;-0.025623;-0.495928;-0.527831;-0.370088;-0.046041
-560.0;-540.0;-520.0;-460.0;-440.0;-420.0;-400.0;-380.0;-360.0;-340.0;-320.0;-300.0;-280.0;-260.0;-240.0;-220.0;-200.0;-180.0;-160.0;-100.0;-80.0;-60.0;-40.0;-20.0;0.0;20.0;40.0;60.0;80.0;100.0;120.0;140.0;160.0;180.0;240.0;260.0;280.0;300.0;320.0;340.0;360.0;380.0;400.0;420.0;440.0;460.0;480.0;500.0;520.0;540.0
-0.250655;-0.646981;-0.765488;1.468457;1.32804;1.503202;1.528897;1.467094;1.229715;1.136425;0.77247;-0.124262;-0.792393;-0.947567;-0.105939;-0.031458;-0.250655;-0.646981;-0.765488;1.468457;1.32804;1.503202;1.528897;1.467094;1.229715;1.136425;0.77247;-0.124262;-0.792393;-0.947567;-0.105939;-0.031458;-0.250655;-0.646981;-0.765488;1.468457;1.32804;1.503202;1.528897;1.467094;1.229715;1.136425;0.77247;-0.124262;-0.792393;-0.947567;-0.105939;-0.031458;-0.250655;-0.646981
-560.0;-540.0;-520.0;-500.0;-480.0;-460.0;-440.0;-420.0;-400.0;-380.0;-360.0;-340.0;-320.0;-300.0;-280.0;-260.0;-240.0;-220.0;-200.0;-180.0;-160.0;-140.0;-120.0;-100.0;-80.0;-60.0;-40.0;-20.0;0.0;20.0;40.0;60.0;80.0;100.0;120.0;140.0;160.0;180.0;240.0;260.0;280.0;300.0;320.0;340.0;360.0;380.0;400.0;420.0;440.0;460.0;480.0;500.0;520.0;540.0
-0.561752;-0.926682;-0.732528;0.59858;0.313978;1.468457;0.978024;1.479378;1.462332;1.244579;1.006046;0.882635;0.092945;-0.592861;-0.83574;-0.969967;-0.54179;-0.393718;-0.561752;-0.926682;-0.732528;0.59858;0.313978;1.468457;0.978024;1.479378;1.462332;1.244579;1.006046;0.882635;0.092945;-0.592861;-0.83574;-0.969967;-0.54179;-0.393718;-0.561752;-0.926682;-0.732528;1.468457;0.978024;1.479378;1.462332;1.244579;1.006046;0.882635;0.092945;-0.592861;-0.83574;-0.969967;-0.54179;-0.393718;-0.561752;-0.926682
-560.0;-540.0;-520.0;-500.0;-480.0;-440.0;-420.0;-400.0;-380.0;-360.0;-340.0;-320.0;-300.0;-280.0;-260.0;-240.0;-220.0;-200.0;-180.0;-160.0;-140.0;-120.0;-80.0;-60.0;-40.0;-20.0;0.0;20.0;40.0;60.0;80.0;100.0;120.0;140.0;160.0;180.0;240.0;280.0;300.0;320.0;340.0;360.0;380.0;400.0;420.0;440.0;460.0;480.0;500.0;520.0;540.0
-0.882578;-1.149405;-0.514129;0.344668;0.051268;1.390407;1.163098;1.036392;0.864636;0.68473;0.416383;-0.122728;-0.761025;-0.606406;-0.855618;-0.873809;-0.766624;-0.882578;-1.149405;-0.514129;0.344668;0.051268;1.390407;1.163098;1.036392;0.864636;0.68473;0.416383;-0.122728;-0.761025;-0.606406;-0.855618;-0.873809;-0.766624;-0.882578;-1.149405;-0.514129;1.390407;1.163098;1.036392;0.864636;0.68473;0.416383;-0.122728;-0.761025;-0.606406;-0.855618;-0.873809;-0.766624;-0.882578;-1.149405
-560.0;-540.0;-520.0;-500.0;-480.0;-440.0;-420.0;-400.0;-380.0;-360.0;-340.0;-320.0;-300.0;-280.0;-260.0;-240.0;-220.0;-200.0;-180.0;-160.0;-140.0;-120.0;-80.0;-60.0;-40.0;-20.0;0.0;20.0;40.0;60.0;80.0;100.0;120.0;140.0;160.0;180.0;240.0;280.0;300.0;320.0;340.0;360.0;380.0;400.0;420.0;440.0;460.0;480.0;500.0;520.0;540.0
-0.933513;-1.028039;-0.37192;0.103331;-0.211442;1.601668;1.352239;1.149354;1.110072;0.817336;0.306976;-0.029067;-0.069713;-0.460509;-0.801443;-1.119047;-1.024122;-0.933513;-1.028039;-0.37192;0.103331;-0.211442;1.601668;1.352239;1.149354;1.110072;0.817336;0.306976;-0.029067;-0.069713;-0.460509;-0.801443;-1.119047;-1.024122;-0.933513;-1.028039;-0.37192;1.601668;1.352239;1.149354;1.110072;0.817336;0.306976;-0.029067;-0.069713;-0.460509;-0.801443;-1.119047;-1.024122;-0.933513;-1.028039
-560.0;-540.0;-520.0;-500.0;-400.0;-380.0;-360.0;-340.0;-320.0;-260.0;-240.0;-220.0;-200.0;-180.0;-160.0;-140.0;-40.0;-20.0;0.0;20.0;40.0;100.0;120.0;140.0;160.0;180.0;240.0;320.0;340.0;360.0;380.0;400.0;460.0;480.0;500.0;520.0;540.0
-0.749142;-1.041974;-0.883635;0.141053;1.677195;1.264547;0.846305;0.531456;-0.200706;-0.037213;-0.409581;-0.627807;-0.749142;-1.041974;-0.883635;0.141053;1.677195;1.264547;0.846305;0.531456;-0.200706;-0.037213;-0.409581;-0.627807;-0.749142;-1.041974;-0.883635;1.677195;1.264547;0.846305;0.531456;-0.200706;-0.037213;-0.409581;-0.627807;-0.749142;-1.041974
-560.0;-540.0;-520.0;-400.0;-380.0;-360.0;-340.0;-320.0;-260.0;-240.0;-220.0;-200.0;-180.0;-160.0;-40.0;-20.0;0.0;20.0;40.0;100.0;120.0;140.0;160.0;180.0;240.0;320.0;340.0;360.0;380.0;400.0;460.0;480.0;500.0;520.0;540.0
-1.487515;-2.540825;-2.046868;0.149402;0.3851;0.414895;0.1421;-0.142974;0.719863;-0.208001;-0.701321;-1.487515;-2.540825;-2.046868;0.149402;0.3851;0.414895;0.1421;-0.142974;0.719863;-0.208001;-0.701321;-1.487515;-2.540825;-2.046868;0.149402;0.3851;0.414895;0.1421;-0.142974;0.719863;-0.208001;-0.701321;-1.487515;-2.540825
-560.0;-540.0;-500.0;-480.0;-460.0;-420.0;-400.0;-380.0;-360.0;-340.0;-320.0;-300.0;-280.0;-240.0;-220.0;-200.0;-180.0;-140.0;-120.0;-100.0;-60.0;-40.0;-20.0;0.0;20.0;40.0;60.0;80.0;120.0;140.0;160.0;180.0;220.0;240.0;260.0;300.0;320.0;340.0;360.0;380.0;400.0;420.0;440.0;480.0;500.0;520.0
-1.45388;-1.628439;0.301095;0.245047;0.13295;-0.291645;-0.483081;-0.432291;-0.133415;-0.573164;-0.248483;-1.055625;-2.187446;-3.147547;-2.16783;-1.45388;-1.628439;0.301095;0.245047;0.13295;-0.291645;-0.483081;-0.432291;-0.133415;-0.573164;-0.248483;-1.055625;-2.187446;-3.147547;-2.16783;-1.45388;-1.628439;0.301095;0.245047;0.13295;-0.291645;-0.483081;-0.432291;-0.133415;-0.573164;-0.248483;-1.055625;-2.187446;-3.147547;-2.16783;-1.45388
-560.0;-540.0;-520.0;-500.0;-480.0;-460.0;-420.0;-400.0;-380.0;-360.0;-340.0;-320.0;-300.0;-280.0;-260.0;-240.0;-220.0;-200.0;-180.0;-160.0;-140.0;-120.0;-100.0;-60.0;-40.0;-20.0;0.0;20.0;40.0;60.0;80.0;100.0;120.0;140.0;160.0;180.0;240.0;260.0;300.0;320.0;340.0;360.0;380.0;400.0;420.0;440.0;460.0;480.0;500.0;520.0;540.0
-1.261103;-1.351337;-1.532333;-0.647305;-0.066565;-0.017827;0.083278;-0.279976;-0.210582;-0.064396;-0.731049;-0.177525;-0.439799;-1.767476;-1.210981;-1.46708;-1.449949;-1.261103;-1.351337;-1.532333;-0.647305;-0.066565;-0.017827;0.083278;-0.279976;-0.210582;-0.064396;-0.731049;-0.177525;-0.439799;-1.767476;-1.210981;-1.46708;-1.449949;-1.261103;-1.351337;-1.532333;-0.017827;0.083278;-0.279976;-0.210582;-0.064396;-0.731049;-0.177525;-0.439799;-1.767476;-1.210981;-1.46708;-1.449949;-1.261103;-1.351337
-560.0;-540.0;-520.0;-500.0;-480.0;-460.0;-440.0;-420.0;-400.0;-380.0;-360.0;-340.0;-320.0;-300.0;-280.0;-260.0;-240.0;-220.0;-200.0;-180.0;-160.0;-140.0;-120.0;-100.0;-80.0;-60.0;-40.0;-20.0;0.0;20.0;40.0;60.0;80.0;100.0;120.0;140.0;160.0;180.0;240.0;260.0;280.0;300.0;320.0;340.0;360.0;380.0;400.0;420.0;440.0;460.0;480.0;500.0;520.0;540.0
-1.003007;-0.894418;-1.074144;-1.256922;-1.261969;-1.407168;-0.388315;-0.260729;0.053197;0.227981;0.157196;-0.153472;0.100637;-0.081317;-0.816352;-1.146963;-1.130099;-1.104793;-1.003007;-0.894418;-1.074144;-1.256922;-1.261969;-1.407168;-0.388315;-0.260729;0.053197;0.227981;0.157196;-0.153472;0.100637;-0.081317;-0.816352;-1.146963;-1.130099;-1.104793;-1.003007;-0.894418;-1.074144;-1.407168;-0.388315;-0.260729;0.053197;0.227981;0.157196;-0.153472;0.100637;-0.081317;-0.816352;-1.146963;-1.130099;-1.104793;-1.003007;-0.894418
-560.0;-540.0;-520.0;-500.0;-480.0;-460.0;-440.0;-420.0;-400.0;-380.0;-360.0;-340.0;-320.0;-300.0;-280.0;-260.0;-240.0;-220.0;-200.0;-180.0;-160.0;-140.0;-120.0;-100.0;-80.0;-60.0;-40.0;-20.0;0.0;20.0;40.0;60.0;80.0;100.0;120.0;140.0;160.0;180.0;240.0;260.0;280.0;300.0;320.0;340.0;360.0;380.0;400.0;420.0;440.0;460.0;480.0;500.0;520.0;540.0
-1.077857;-0.981584;-0.477721;-0.329162;-1.747292;-2.026451;-0.388315;-0.02141;0.282978;0.377633;0.266404;-0.095902;-0.091432;-0.45206;-0.810048;-0.937109;-1.09874;-1.118593;-1.077857;-0.981584;-0.477721;-0.329162;-1.747292;-2.026451;-0.388315;-0.02141;0.282978;0.377633;0.266404;-0.095902;-0.091432;-0.45206;-0.810048;-0.937109;-1.09874;-1.118593;-1.077857;-0.981584;-0.477721;-2.026451;-0.388315;-0.02141;0.282978;0.377633;0.266404;-0.095902;-0.091432;-0.45206;-0.810048;-0.937109;-1.09874;-1.118593;-1.077857;-0.981584
-560.0;-540.0;-520.0;-500.0;-480.0;-440.0;-420.0;-400.0;-380.0;-360.0;-340.0;-320.0;-300.0;-280.0;-260.0;-240.0;-220.0;-200.0;-180.0;-160.0;-140.0;-120.0;-80.0;-60.0;-40.0;-20.0;0.0;20.0;40.0;60.0;80.0;100.0;120.0;140.0;160.0;180.0;240.0;280.0;300.0;320.0;340.0;360.0;380.0;400.0;420.0;440.0;460.0;480.0;500.0;520.0;540.0
-1.374811;-1.443107;-0.606535;0.050359;2.027949;-0.630925;0.183225;0.224496;0.216378;0.214938;-0.307753;-0.802387;-0.955061;-1.025878;-0.89931;-1.204361;-1.308929;-1.374811;-1.443107;-0.606535;0.050359;2.027949;-0.630925;0.183225;0.224496;0.216378;0.214938;-0.307753;-0.802387;-0.955061;-1.025878;-0.89931;-1.204361;-1.308929;-1.374811;-1.443107;-0.606535;-0.630925;0.183225;0.224496;0.216378;0.214938;-0.307753;-0.802387;-0.955061;-1.025878;-0.89931;-1.204361;-1.308929;-1.374811;-1.443107
-560.0;-540.0;-520.0;-500.0;-480.0;-440.0;-420.0;-400.0;-380.0;-360.0;-340.0;-320.0;-300.0;-280.0;-260.0;-240.0;-220.0;-200.0;-180.0;-160.0;-140.0;-120.0;-80.0;-60.0;-40.0;-20.0;0.0;20.0;40.0;60.0;80.0;100.0;120.0;140.0;160.0;180.0;240.0;280.0;300.0;320.0;340.0;360.0;380.0;400.0;420.0;440.0;460.0;480.0;500.0;520.0;540.0
-1.782976;-2.256585;-2.38988;-0.321013;0.536556;-0.630925;-0.026084;-0.096052;-0.247027;-0.153556;-0.215194;-0.887503;-1.112312;-0.84638;-1.480079;-1.722738;-1.729292;-1.782976;-2.256585;-2.38988;-0.321013;0.536556;-0.630925;-0.026084;-0.096052;-0.247027;-0.153556;-0.215194;-0.887503;-1.112312;-0.84638;-1.480079;-1.722738;-1.729292;-1.782976;-2.256585;-2.38988;-0.630925;-0.026084;-0.096052;-0.247027;-0.153556;-0.215194;-0.887503;-1.112312;-0.84638;-1.480079;-1.722738;-1.729292;-1.782976;-2.256585
-560.0;-540.0;-520.0;-500.0;-480.0;-420.0;-400.0;-380.0;-360.0;-340.0;-320.0;-300.0;-260.0;-240.0;-220.0;-200.0;-180.0;-160.0;-140.0;-120.0;-60.0;-40.0;-20.0;0.0;20.0;40.0;60.0;100.0;120.0;140.0;160.0;180.0;240.0;300.0;320.0;340.0;360.0;380.0;400.0;420.0;460.0;480.0;500.0;520.0;540.0
-1.517761;-2.308837;-2.966604;-0.954838;-0.954838;-1.01802;-0.693818;-0.561685;-0.026;0.78926;-0.557483;-1.596339;-1.347895;-2.175594;-1.814096;-1.517761;-2.308837;-2.966604;-0.954838;-0.954838;-1.01802;-0.693818;-0.561685;-0.026;0.78926;-0.557483;-1.596339;-1.347895;-2.175594;-1.814096;-1.517761;-2.308837;-2.966604;-1.01802;-0.693818;-0.561685;-0.026;0.78926;-0.557483;-1.596339;-1.347895;-2.175594;-1.814096;-1.517761;-2.308837
-560.0;-540.0;-520.0;-380.0;-360.0;-340.0;-260.0;-240.0;-220.0;-200.0;-180.0;-160.0;-20.0;0.0;20.0;100.0;120.0;140.0;160.0;180.0;240.0;340.0;360.0;380.0;460.0;480.0;500.0;520.0;540.0
-0.720934;-1.624118;-2.274177;1.853287;1.398246;0.943205;1.172394;0.151973;-0.731409;-0.720934;-1.624118;-2.274177;1.853287;1.398246;0.943205;1.172394;0.151973;-0.731409;-0.720934;-1.624118;-2.274177;1.853287;1.398246;0.943205;1.172394;0.151973;-0.731409;-0.720934;-1.624118
-420.0;-400.0;-380.0;-360.0;-340.0;-260.0;-240.0;-60.0;-40.0;-20.0;0.0;20.0;100.0;120.0;300.0;320.0;340.0;360.0;380.0;460.0
1.375331;1.375331;3.449105;1.719436;0.854602;2.573366;2.573366;1.375331;1.375331;3.449105;1.719436;0.854602;2.573366;2.573366;1.375331;1.375331;3.449105;1.719436;0.854602;2.573366
-420.0;-400.0;-360.0;-340.0;-60.0;-40.0;0.0;20.0;300.0;320.0;360.0
1.375331;1.375331;0.854602;0.854602;1.375331;1.375331;0.854602;0.854602;1.375331;1.375331;0.854602
-560.0;-540.0;-420.0;-400.0;-380.0;-220.0;-200.0;-180.0;-60.0;-40.0;-20.0;140.0;160.0;180.0;300.0;320.0;340.0;500.0;520.0
-0.520192;1.467764;1.542005;1.260583;0.838449;-1.017181;-0.520192;1.467764;1.542005;1.260583;0.838449;-1.017181;-0.520192;1.467764;1.542005;1.260583;0.838449;-1.017181;-0.520192
-560.0;-540.0;-520.0;-440.0;-420.0;-400.0;-380.0;-360.0;-340.0;-320.0;-300.0;-280.0;-240.0;-220.0;-200.0;-180.0;-160.0;-80.0;-60.0;-40.0;-20.0;0.0;20.0;40.0;60.0;80.0;120.0;140.0;160.0;180.0;240.0;280.0;300.0;320.0;340.0;360.0;380.0;400.0;420.0;440.0;480.0;500.0;520.0;540.0
-0.370088;-0.046041;-0.188035;1.636732;1.497271;1.54381;1.591334;1.387002;1.472376;2.312464;-0.025623;-0.025623;-0.495928;-0.527831;-0.370088;-0.046041;-0.188035;1.636732;1.497271;1.54381;1.591334;1.387002;1.472376;2.312464;-0.025623;-0.025623;-0.495928;-0.527831;-0.370088;-0.046041;-0.188035;1.636732;1.497271;1.54381;1.591334;1.387002;1.472376;2.312464;-0.025623;-0.025623;-0.495928;-0.527831;-0.370088;-0.046041
-560.0;-540.0;-520.0;-460.0;-440.0;-420.0;-400.0;-380.0;-360.0;-340.0;-320.0;-300.0;-280.0;-260.0;-240.0;-220.0;-200.0;-180.0;-160.0;-100.0;-80.0;-60.0;-40.0;-20.0;0.0;20.0;40.0;60.0;80.0;100.0;120.0;140.0;160.0;180.0;240.0;260.0;280.0;300.0;320.0;340.0;360.0;380.0;400.0;420.0;440.0;460.0;480.0;500.0;520.0;540.0
-0.250655;-0.646981;-0.765488;1.468457;1.32804;1.503202;1.528897;1.467094;1.229715;1.136425;0.77247;-0.124262;-0.792393;-0.947567;-0.105939;-0.031458;-0.250655;-0.646981;-0.765488;1.468457;1.32804;1.503202;1.528897;1.467094;1.229715;1.136425;0.77247;-0.124262;-0.792393;-0.947567;-0.105939;-0.031458;-0.250655;-0.646981;-0.765488;1.468457;1.32804;1.503202;1.528897;1.467094;1.229715;1.136425;0.77247;-0.124262;-0.792393;-0.947567;-0.105939;-0.031458;-0.250655;-0.646981
-560.0;-540.0;-520.0;-500.0;-480.0;-460.0;-440.0;-420.0;-400.0;-380.0;-360.0;-340.0;-320.0;-300.0;-280.0;-260.0;-240.0;-220.0;-200.0;-180.0;-160.0;-140.0;-120.0;-100.0;-80.0;-60.0;-40.0;-20.0;0.0;20.0;40.0;60.0;80.0;100.0;120.0;140.0;160.0;180.0;240.0;260.0;280.0;300.0;320.0;340.0;360.0;380.0;400.0;420.0;440.0;460.0;480.0;500.0;520.0;540.0
-0.561752;-0.926682;-0.732528;0.59858;0.313978;1.468457;0.978024;1.479378;1.462332;1.244579;1.006046;0.882635;0.092945;-0.592861;-0.83574;-0.969967;-0.54179;-0.393718;-0.561752;-0.926682;-0.732528;0.59858;0.313978;1.468457;0.978024;1.479378;1.462332;1.244579;1.006046;0.882635;0.092945;-0.592861;-0.83574;-0.969967;-0.54179;-0.393718;-0.561752;-0.926682;-0.732528;1.468457;0.978024;1.479378;1.462332;1.244579;1.006046;0.882635;0.092945;-0.592861;-0.83574;-0.969967;-0.54179;-0.393718;-0.561752;-0.926682
-560.0;-540.0;-520.0;-500.0;-480.0;-440.0;-420.0;-400.0;-380.0;-360.0;-340.0;-320.0;-300.0;-280.0;-260.0;-240.0;-220.0;-200.0;-180.0;-160.0;-140.0;-120.0;-80.0;-60.0;-40.0;-20.0;0.0;20.0;40.0;60.0;80.0;100.0;120.0;140.0;160.0;180.0;240.0;280.0;300.0;320.0;340.0;360.0;380.0;400.0;420.0;440.0;460.0;480.0;500.0;520.0;540.0
-0.882578;-1.149405;-0.514129;0.344668;0.051268;1.390407;1.163098;1.036392;0.864636;0.68473;0.416383;-0.122728;-0.761025;-0.606406;-0.855618;-0.873809;-0.766624;-0.882578;-1.149405;-0.514129;0.344668;0.051268;1.390407;1.163098;1.036392;0.864636;0.68473;0.416383;-0.122728;-0.761025;-0.606406;-0.855618;-0.873809;-0.766624;-0.882578;-1.149405;-0.514129;1.390407;1.163098;1.036392;0.864636;0.68473;0.416383;-0.122728;-0.761025;-0.606406;-0.855618;-0.873809;-0.766624;-0.882578;-1.149405
-560.0;-540.0;-520.0;-500.0;-480.0;-440.0;-420.0;-400.0;-380.0;-360.0;-340.0;-320.0;-300.0;-280.0;-260.0;-240.0;-220.0;-200.0;-180.0;-160.0;-140.0;-120.0;-80.0;-60.0;-40.0;-20.0;0.0;20.0;40.0;60.0;80.0;100.0;120.0;140.0;160.0;180.0;240.0;280.0;300.0;320.0;340.0;360.0;380.0;400.0;420.0;440.0;460.0;480.0;500.0;520.0;540.0
-0.933513;-1.028039;-0.37192;0.103331;-0.211442;1.601668;1.352239;1.149354;1.110072;0.817336;0.306976;-0.029067;-0.069713;-0.460509;-0.801443;-1.119047;-1.024122;-0.933513;-1.028039;-0.37192;0.103331;-0.211442;1.601668;1.352239;1.149354;1.110072;0.817336;0.306976;-0.029067;-0.069713;-0.460509;-0.801443;-1.119047;-1.024122;-0.933513;-1.028039;-0.37192;1.601668;1.352239;1.149354;1.110072;0.817336;0.306976;-0.029067;-0.069713;-0.460509;-0.801443;-1.119047;-1.024122;-0.933513;-1.028039
-560.0;-540.0;-520.0;-500.0;-400.0;-380.0;-360.0;-340.0;-320.0;-260.0;-240.0;-220.0;-200.0;-180.0;-160.0;-140.0;-40.0;-20.0;0.0;20.0;40.0;100.0;120.0;140.0;160.0;180.0;240.0;320.0;340.0;360.0;380.0;400.0;460.0;480.0;500.0;520.0;540.0
-0.749142;-1.041974;-0.883635;0.141053;1.677195;1.264547;0.846305;0.531456;-0.200706;-0.037213;-0.409581;-0.627807;-0.749142;-1.041974;-0.883635;0.141053;1.677195;1.264547;0.846305;0.531456;-0.200706;-0.037213;-0.409581;-0.627807;-0.749142;-1.041974;-0.883635;1.677195;1.264547;0.846305;0.531456;-0.200706;-0.037213;-0.409581;-0.627807;-0.749142;-1.041974
-560.0;-540.0;-520.0;-400.0;-380.0;-360.0;-340.0;-320.0;-260.0;-240.0;-220.0;-200.0;-180.0;-160.0;-40.0;-20.0;0.0;20.0;40.0;100.0;120.0;140.0;160.0;180.0;240.0;320.0;340.0;360.0;380.0;400.0;460.0;480.0;500.0;520.0;540.0
-1.487515;-2.540825;-2.046868;0.149402;0.3851;0.414895;0.1421;-0.142974;0.719863;-0.208001;-0.701321;-1.487515;-2.540825;-2.046868;0.149402;0.3851;0.414895;0.1421;-0.142974;0.719863;-0.208001;-0.701321;-1.487515;-2.540825;-2.046868;0.149402;0.3851;0.414895;0.1421;-0.142974;0.719863;-0.208001;-0.701321;-1.487515;-2.540825
-560.0;-540.0;-500.0;-480.0;-460.0;-420.0;-400.0;-380.0;-360.0;-340.0;-320.0;-300.0;-280.0;-240.0;-220.0;-200.0;-180.0;-140.0;-120.0;-100.0;-60.0;-40.0;-20.0;0.0;20.0;40.0;60.0;80.0;120.0;140.0;160.0;180.0;220.0;240.0;260.0;300.0;320.0;340.0;360.0;380.0;400.0;420.0;440.0;480.0;500.0;520.0
-1.45388;-1.628439;0.301095;0.245047;0.13295;-0.291645;-0.483081;-0.432291;-0.133415;-0.573164;-0.248483;-1.055625;-2.187446;-3.147547;-2.16783;-1.45388;-1.628439;0.301095;0.245047;0.13295;-0.291645;-0.483081;-0.432291;-0.133415;-0.573164;-0.248483;-1.055625;-2.187446;-3.147547;-2.16783;-1.45388;-1.628439;0.301095;0.245047;0.13295;-0.291645;-0.483081;-0.432291;-0.133415;-0.573164;-0.248483;-1.055625;-2.187446;-3.147547;-2.16783;-1.45388
-560.0;-540.0;-520.0;-500.0;-480.0;-460.0;-420.0;-400.0;-380.0;-360.0;-340.0;-320.0;-300.0;-280.0;-260.0;-240.0;-220.0;-200.0;-180.0;-160.0;-140.0;-120.0;-100.0;-60.0;-40.0;-20.0;0.0;20.0;40.0;60.0;80.0;100.0;120.0;140.0;160.0;180.0;240.0;260.0;300.0;320.0;340.0;360.0;380.0;400.0;420.0;440.0;460.0;480.0;500.0;520.0;540.0
-1.261103;-1.351337;-1.532333;-0.647305;-0.066565;-0.017827;0.083278;-0.279976;-0.210582;-0.064396;-0.731049;-0.177525;-0.439799;-1.767476;-1.210981;-1.46708;-1.449949;-1.261103;-1.351337;-1.532333;-0.647305;-0.066565;-0.017827;0.083278;-0.279976;-0.210582;-0.064396;-0.731049;-0.177525;-0.439799;-1.767476;-1.210981;-1.46708;-1.449949;-1.261103;-1.351337;-1.532333;-0.017827;0.083278;-0.279976;-0.210582;-0.064396;-0.731049;-0.177525;-0.439799;-1.767476;-1.210981;-1.46708;-1.449949;-1.261103;-1.351337
-560.0;-540.0;-520.0;-500.0;-480.0;-460.0;-440.0;-420.0;-400.0;-380.0;-360.0;-340.0;-320.0;-300.0;-280.0;-260.0;-240.0;-220.0;-200.0;-180.0;-160.0;-140.0;-120.0;-100.0;-80.0;-60.0;-40.0;-20.0;0.0;20.0;40.0;60.0;80.0;100.0;120.0;140.0;160.0;180.0;240.0;260.0;280.0;300.0;320.0;340.0;360.0;380.0;400.0;420.0;440.0;460.0;480.0;500.0;520.0;540.0
-1.003007;-0.894418;-1.074144;-1.256922;-1.261969;-1.407168;-0.388315;-0.260729;0.053197;0.227981;0.157196;-0.153472;0.100637;-0.081317;-0.816352;-1.146963;-1.130099;-1.104793;-1.003007;-0.894418;-1.074144;-1.256922;-1.261969;-1.407168;-0.388315;-0.260729;0.053197;0.227981;0.157196;-0.153472;0.100637;-0.081317;-0.816352;-1.146963;-1.130099;-1.104793;-1.003007;-0.894418;-1.074144;-1.407168;-0.388315;-0.260729;0.053197;0.227981;0.157196;-0.153472;0.100637;-0.081317;-0.816352;-1.146963;-1.130099;-1.104793;-1.003007;-0.894418
-560.0;-540.0;-520.0;-500.0;-480.0;-460.0;-440.0;-420.0;-400.0;-380.0;-360.0;-340.0;-320.0;-300.0;-280.0;-260.0;-240.0;-220.0;-200.0;-180.0;-160.0;-140.0;-120.0;-100.0;-80.0;-60.0;-40.0;-20.0;0.0;20.0;40.0;60.0;80.0;100.0;120.0;140.0;160.0;180.0;240.0;260.0;280.0;300.0;320.0;340.0;360.0;380.0;400.0;420.0;440.0;460.0;480.0;500.0;520.0;540.0
-1.077857;-0.981584;-0.477721;-0.329162;-1.747292;-2.026451;-0.388315;-0.02141;0.282978;0.377633;0.266404;-0.095902;-0.091432;-0.45206;-0.810048;-0.937109;-1.09874;-1.118593;-1.077857;-0.981584;-0.477721;-0.329162;-1.747292;-2.026451;-0.388315;-0.02141;0.282978;0.377633;0.266404;-0.095902;-0.091432;-0.45206;-0.810048;-0.937109;-1.09874;-1.118593;-1.077857;-0.981584;-0.477721;-2.026451;-0.388315;-0.02141;0.282978;0.377633;0.266404;-0.095902;-0.091432;-0.45206;-0.810048;-0.937109;-1.09874;-1.118593;-1.077857;-0.981584
-560.0;-540.0;-520.0;-500.0;-480.0;-440.0;-420.0;-400.0;-380.0;-360.0;-340.0;-320.0;-300.0;-280.0;-260.0;-240.0;-220.0;-200.0;-180.0;-160.0;-140.0;-120.0;-80.0;-60.0;-40.0;-20.0;0.0;20.0;40.0;60.0;80.0;100.0;120.0;140.0;160.0;180.0;240.0;280.0;300.0;320.0;340.0;360.0;380.0;400.0;420.0;440.0;460.0;480.0;500.0;520.0;540.0
-1.374811;-1.443107;-0.606535;0.050359;2.027949;-0.630925;0.183225;0.224496;0.216378;0.214938;-0.307753;-0.802387;-0.955061;-1.025878;-0.89931;-1.204361;-1.308929;-1.374811;-1.443107;-0.606535;0.050359;2.027949;-0.630925;0.183225;0.224496;0.216378;0.214938;-0.307753;-0.802387;-0.955061;-1.025878;-0.89931;-1.204361;-1.308929;-1.374811;-1.443107;-0.606535;-0.630925;0.183225;0.224496;0.216378;0.214938;-0.307753;-0.802387;-0.955061;-1.025878;-0.89931;-1.204361;-1.308929;-1.374811;-1.443107
-560.0;-540.0;-520.0;-500.0;-480.0;-440.0;-420.0;-400.0;-380.0;-360.0;-340.0;-320.0;-300.0;-280.0;-260.0;-240.0;-220.0;-200.0;-180.0;-160.0;-140.0;-120.0;-80.0;-60.0;-40.0;-20.0;0.0;20.0;40.0;60.0;80.0;100.0;120.0;140.0;160.0;180.0;240.0;280.0;300.0;320.0;340.0;360.0;380.0;400.0;420.0;440.0;460.0;480.0;500.0;520.0;540.0
-1.782976;-2.256585;-2.38988;-0.321013;0.536556;-0.630925;-0.026084;-0.096052;-0.247027;-0.153556;-0.215194;-0.887503;-1.112312;-0.84638;-1.480079;-1.722738;-1.729292;-1.782976;-2.256585;-2.38988;-0.321013;0.536556;-0.630925;-0.026084;-0.096052;-0.247027;-0.153556;-0.215194;-0.887503;-1.112312;-0.84638;-1.480079;-1.722738;-1.729292;-1.782976;-2.256585;-2.38988;-0.630925;-0.026084;-0.096052;-0.247027;-0.153556;-0.215194;-0.887503;-1.112312;-0.84638;-1.480079;-1.722738;-1.729292;-1.782976;-2.256585
-560.0;-540.0;-520.0;-500.0;-480.0;-420.0;-400.0;-380.0;-360.0;-340.0;-320.0;-300.0;-260.0;-240.0;-220.0;-200.0;-180.0;-160.0;-140.0;-120.0;-60.0;-40.0;-20.0;0.0;20.0;40.0;60.0;100.0;120.0;140.0;160.0;180.0;240.0;300.0;320.0;340.0;360.0;380.0;400.0;420.0;460.0;480.0;500.0;520.0;540.0
-1.517761;-2.308837;-2.966604;-0.954838;-0.954838;-1.01802;-0.693818;-0.561685;-0.026;0.78926;-0.557483;-1.596339;-1.347895;-2.175594;-1.814096;-1.517761;-2.308837;-2.966604;-0.954838;-0.954838;-1.01802;-0.693818;-0.561685;-0.026;0.78926;-0.557483;-1.596339;-1.347895;-2.175594;-1.814096;-1.517761;-2.308837;-2.966604;-1.01802;-0.693818;-0.561685;-0.026;0.78926;-0.557483;-1.596339;-1.347895;-2.175594;-1.814096;-1.517761;-2.308837
-560.0;-540.0;-520.0;-380.0;-360.0;-340.0;-260.0;-240.0;-220.0;-200.0;-180.0;-160.0;-20.0;0.0;20.0;100.0;120.0;140.0;160.0;180.0;240.0;340.0;360.0;380.0;460.0;480.0;500.0;520.0;540.0
-0.720934;-1.624118;-2.274177;1.853287;1.398246;0.943205;1.172394;0.151973;-0.731409;-0.720934;-1.624118;-2.274177;1.853287;1.398246;0.943205;1.172394;0.151973;-0.731409;-0.720934;-1.624118;-2.274177;1.853287;1.398246;0.943205;1.172394;0.151973;-0.731409;-0.720934;-1.624118
-420.0;-400.0;-380.0;-360.0;-340.0;-260.0;-240.0;-60.0;-40.0;-20.0;0.0;20.0;100.0;120.0;300.0;320.0;340.0;360.0;380.0;460.0
1.375331;1.375331;3.449105;1.719436;0.854602;2.573366;2.573366;1.375331;1.375331;3.449105;1.719436;0.854602;2.573366;2.573366;1.375331;1.375331;3.449105;1.719436;0.854602;2.573366
-420.0;-400.0;-360.0;-340.0;-60.0;-40.0;0.0;20.0;300.0;320.0;360.0
1.375331;1.375331;0.854602;0.854602;1.375331;1.375331;0.854602;0.854602;1.375331;1.375331;0.854602
-560.0;-540.0;-420.0;-400.0;-380.0;-220.0;-200.0;-180.0;-60.0;-40.0;-20.0;140.0;160.0;180.0;300.0;320.0;340.0;500.0;520.0
-0.520192;1.467764;1.542005;1.260583;0.838449;-1.017181;-0.520192;1.467764;1.542005;1.260583;0.838449;-1.017181;-0.520192;1.467764;1.542005;1.260583;0.838449;-1.017181;-0.520192
-560.0;-540.0;-520.0;-440.0;-420.0;-400.0;-380.0;-360.0;-340.0;-320.0;-300.0;-280.0;-240.0;-220.0;-200.0;-180.0;-160.0;-80.0;-60.0;-40.0;-20.0;0.0;20.0;40.0;60.0;80.0;120.0;140.0;160.0;180.0;240.0;280.0;300.0;320.0;340.0;360.0;380.0;400.0;420.0;440.0;480.0;500.0;520.0;540.0
-0.370088;-0.046041;-0.188035;1.636732;1.497271;1.54381;1.591334;1.387002;1.472376;2.312464;-0.025623;-0.025623;-0.495928;-0.527831;-0.370088;-0.046041;-0.188035;1.636732;1.497271;1.54381;1.591334;1.387002;1.472376;2.312464;-0.025623;-0.025623;-0.495928;-0.527831;-0.370088;-0.046041;-0.188035;1.636732;1.497271;1.54381;1.591334;1.387002;1.472376;2.312464;-0.025623;-0.025623;-0.495928;-0.527831;-0.370088;-0.046041
-560.0;-540.0;-520.0;-460.0;-440.0;-420.0;-400.0;-380.0;-360.0;-340.0;-320.0;-300.0;-280.0;-260.0;-240.0;-220.0;-200.0;-180.0;-160.0;-100.0;-80.0;-60.0;-40.0;-20.0;0.0;20.0;40.0;60.0;80.0;100.0;120.0;140.0;160.0;180.0;240.0;260.0;280.0;300.0;320.0;340.0;360.0;380.0;400.0;420.0;440.0;460.0;480.0;500.0;520.0;540.0
-0.250655;-0.646981;-0.765488;1.468457;1.32804;1.503202;1.528897;1.467094;1.229715;1.136425;0.77247;-0.124262;-0.792393;-0.947567;-0.105939;-0.031458;-0.250655;-0.646981;-0.765488;1.468457;1.32804;1.503202;1.528897;1.467094;1.229715;1.136425;0.77247;-0.124262;-0.792393;-0.947567;-0.105939;-0.031458;-0.250655;-0.646981;-0.765488;1.468457;1.32804;1.503202;1.528897;1.467094;1.229715;1.136425;0.77247;-0.124262;-0.792393;-0.947567;-0.105939;-0.031458;-0.250655;-0.646981
-560.0;-540.0;-520.0;-500.0;-480.0;-460.0;-440.0;-420.0;-400.0;-380.0;-360.0;-340.0;-320.0;-300.0;-280.0;-260.0;-240.0;-220.0;-200.0;-180.0;-160.0;-140.0;-120.0;-100.0;-80.0;-60.0;-40.0;-20.0;0.0;20.0;40.0;60.0;80.0;100.0;120.0;140.0;160.0;180.0;240.0;260.0;280.0;300.0;320.0;340.0;360.0;380.0;400.0;420.0;440.0;460.0;480.0;500.0;520.0;540.0
-0.561752;-0.926682;-0.732528;0.59858;0.313978;1.468457;0.978024;1.479378;1.462332;1.244579;1.006046;0.882635;0.092945;-0.592861;-0.83574;-0.969967;-0.54179;-0.393718;-0.561752;-0.926682;-0.732528;0.59858;0.313978;1.468457;0.978024;1.479378;1.462332;1.244579;1.006046;0.882635;0.092945;-0.592861;-0.83574;-0.969967;-0.54179;-0.393718;-0.561752;-0.926682;-0.732528;1.468457;0.978024;1.479378;1.462332;1.244579;1.006046;0.882635;0.092945;-0.592861;-0.83574;-0.969967;-0.54179;-0.393718;-0.561752;-0.926682
-560.0;-540.0;-520.0;-500.0;-480.0;-440.0;-420.0;-400.0;-380.0;-360.0;-340.0;-320.0;-300.0;-280.0;-260.0;-240.0;-220.0;-200.0;-180.0;-160.0;-140.0;-120.0;-80.0;-60.0;-40.0;-20.0;0.0;20.0;40.0;60.0;80.0;100.0;120.0;140.0;160.0;180.0;240.0;280.0;300.0;320.0;340.0;360.0;380.0;400.0;420.0;440.0;460.0;480.0;500.0;520.0;540.0
-0.882578;-1.149405;-0.514129;0.344668;0.051268;1.390407;1.163098;1.036392;0.864636;0.68473;0.416383;-0.122728;-0.761025;-0.606406;-0.855618;-0.873809;-0.766624;-0.882578;-1.149405;-0.514129;0.344668;0.051268;1.390407;1.163098;1.036392;0.864636;0.68473;0.416383;-0.122728;-0.761025;-0.606406;-0.855618;-0.873809;-0.766624;-0.882578;-1.149405;-0.514129;1.390407;1.163098;1.036392;0.864636;0.68473;0.416383;-0.122728;-0.761025;-0.606406;-0.855618;-0.873809;-0.766624;-0.882578;-1.149405
-560.0;-540.0;-520.0;-500.0;-480.0;-440.0;-420.0;-400.0;-380.0;-360.0;-340.0;-320.0;-300.0;-280.0;-260.0;-240.0;-220.0;-200.0;-180.0;-160.0;-140.0;-120.0;-80.0;-60.0;-40.0;-20.0;0.0;20.0;40.0;60.0;80.0;100.0;120.0;140.0;160.0;180.0;240.0;280.0;300.0;320.0;340.0;360.0;380.0;400.0;420.0;440.0;460.0;480.0;500.0;520.0;540.0
-0.933513;-1.028039;-0.37192;0.103331;-0.211442;1.601668;1.352239;1.149354;1.110072;0.817336;0.306976;-0.029067;-0.069713;-0.460509;-0.801443;-1.119047;-1.024122;-0.933513;-1.028039;-0.37192;0.103331;-0.211442;1.601668;1.352239;1.149354;1.110072;0.817336;0.306976;-0.029067;-0.069713;-0.460509;-0.801443;-1.119047;-1.024122;-0.933513;-1.028039;-0.37192;1.601668;1.352239;1.149354;1.110072;0.817336;0.306976;-0.029067;-0.069713;-0.460509;-0.801443;-1.119047;-1.024122;-0.933513;-1.028039
-560.0;-540.0;-520.0;-500.0;-400.0;-380.0;-360.0;-340.0;-320.0;-260.0;-240.0;-220.0;-200.0;-180.0;-160.0;-140.0;-40.0;-20.0;0.0;20.0;40.0;100.0;120.0;140.0;160.0;180.0;240.0;320.0;340.0;360.0;380.0;400.0;460.0;480.0;500.0;520.0;540.0
-0.749142;-1.041974;-0.883635;0.141053;1.677195;1.264547;0.846305;0.531456;-0.200706;-0.037213;-0.409581;-0.627807;-0.749142;-1.041974;-0.883635;0.141053;1.677195;1.264547;0.846305;0.531456;-0.200706;-0.037213;-0.409581;-0.627807;-0.749142;-1.041974;-0.883635;1.677195;1.264547;0.846305;0.531456;-0.200706;-0.037213;-0.409581;-0.627807;-0.749142;-1.041974
-560.0;-540.0;-520.0;-400.0;-380.0;-360.0;-340.0;-320.0;-260.0;-240.0;-220.0;-200.0;-180.0;-160.0;-40.0;-20.0;0.0;20.0;40.0;100.0;120.0;140.0;160.0;180.0;240.0;320.0;340.0;360.0;380.0;400.0;460.0;480.0;500.0;520.0;540.0
-1.487515;-2.540825;-2.046868;0.149402;0.3851;0.414895;0.1421;-0.142974;0.719863;-0.208001;-0.701321;-1.487515;-2.540825;-2.046868;0.149402;0.3851;0.414895;0.1421;-0.142974;0.719863;-0.208001;-0.701321;-1.487515;-2.540825;-2.046868;0.149402;0.3851;0.414895;0.1421;-0.142974;0.719863;-0.208001;-0.701321;-1.487515;-2.540825
-560.0;-540.0;-500.0;-480.0;-460.0;-420.0;-400.0;-380.0;-360.0;-340.0;-320.0;-300.0;-280.0;-240.0;-220.0;-200.0;-180.0;-140.0;-120.0;-100.0;-60.0;-40.0;-20.0;0.0;20.0;40.0;60.0;80.0;120.0;140.0;160.0;180.0;220.0;240.0;260.0;300.0;320.0;340.0;360.0;380.0;400.0;420.0;440.0;480.0;500.0;520.0
-1.45388;-1.628439;0.301095;0.245047;0.13295;-0.291645;-0.483081;-0.432291;-0.133415;-0.573164;-0.248483;-1.055625;-2.187446;-3.147547;-2.16783;-1.45388;-1.628439;0.301095;0.245047;0.13295;-0.291645;-0.483081;-0.432291;-0.133415;-0.573164;-0.248483;-1.055625;-2.187446;-3.147547;-2.16783;-1.45388;-1.628439;0.301095;0.245047;0.13295;-0.291645;-0.483081;-0.432291;-0.133415;-0.573164;-0.248483;-1.055625;-2.187446;-3.147547;-2.16783;-1.45388
-560.0;-540.0;-520.0;-500.0;-480.0;-460.0;-420.0;-400.0;-380.0;-360.0;-340.0;-320.0;-300.0;-280.0;-260.0;-240.0;-220.0;-200.0;-180.0;-160.0;-140.0;-120.0;-100.0;-60.0;-40.0;-20.0;0.0;20.0;40.0;60.0;80.0;100.0;120.0;140.0;160.0;180.0;240.0;260.0;300.0;320.0;340.0;360.0;380.0;400.0;420.0;440.0;460.0;480.0;500.0;520.0;540.0
-1.261103;-1.351337;-1.532333;-0.647305;-0.066565;-0.017827;0.083278;-0.279976;-0.210582;-0.064396;-0.731049;-0.177525;-0.439799;-1.767476;-1.210981;-1.46708;-1.449949;-1.261103;-1.351337;-1.532333;-0.647305;-0.066565;-0.017827;0.083278;-0.279976;-0.210582;-0.064396;-0.731049;-0.177525;-0.439799;-1.767476;-1.210981;-1.46708;-1.449949;-1.261103;-1.351337;-1.532333;-0.017827;0.083278;-0.279976;-0.210582;-0.064396;-0.731049;-0.177525;-0.439799;-1.767476;-1.210981;-1.46708;-1.449949;-1.261103;-1.351337
-560.0;-540.0;-520.0;-500.0;-480.0;-460.0;-440.0;-420.0;-400.0;-380.0;-360.0;-340.0;-320.0;-300.0;-280.0;-260.0;-240.0;-220.0;-200.0;-180.0;-160.0;-140.0;-120.0;-100.0;-80.0;-60.0;-40.0;-20.0;0.0;20.0;40.0;60.0;80.0;100.0;120.0;140.0;160.0;180.0;240.0;260.0;280.0;300.0;320.0;340.0;360.0;380.0;400.0;420.0;440.0;460.0;480.0;500.0;520.0;540.0
-1.003007;-0.894418;-1.074144;-1.256922;-1.261969;-1.407168;-0.388315;-0.260729;0.053197;0.227981;0.157196;-0.153472;0.100637;-0.081317;-0.816352;-1.146963;-1.130099;-1.104793;-1.003007;-0.894418;-1.074144;-1.256922;-1.261969;-1.407168;-0.388315;-0.260729;0.053197;0.227981;0.157196;-0.153472;0.100637;-0.081317;-0.816352;-1.146963;-1.130099;-1.104793;-1.003007;-0.894418;-1.074144;-1.407168;-0.388315;-0.260729;0.053197;0.227981;0.157196;-0.153472;0.100637;-0.081317;-0.816352;-1.146963;-1.130099;-1.104793;-1.003007;-0.894418
-560.0;-540.0;-520.0;-500.0;-480.0;-460.0;-440.0;-420.0;-400.0;-380.0;-360.0;-340.0;-320.0;-300.0;-280.0;-260.0;-240.0;-220.0;-200.0;-180.0;-160.0;-140.0;-120.0;-100.0;-80.0;-60.0;-40.0;-20.0;0.0;20.0;40.0;60.0;80.0;100.0;120.0;140.0;160.0;180.0;240.0;260.0;280.0;300.0;320.0;340.0;360.0;380.0;400.0;420.0;440.0;460.0;480.0;500.0;520.0;540.0
-1.077857;-0.981584;-0.477721;-0.329162;-1.747292;-2.026451;-0.388315;-0.02141;0.282978;0.377633;0.266404;-0.095902;-0.091432;-0.45206;-0.810048;-0.937109;-1.09874;-1.118593;-1.077857;-0.981584;-0.477721;-0.329162;-1.747292;-2.026451;-0.388315;-0.02141;0.282978;0.377633;0.266404;-0.095902;-0.091432;-0.45206;-0.810048;-0.937109;-1.09874;-1.118593;-1.077857;-0.981584;-0.477721;-2.026451;-0.388315;-0.02141;0.282978;0.377633;0.266404;-0.095902;-0.091432;-0.45206;-0.810048;-0.937109;-1.09874;-1.118593;-1.077857;-0.981584
-560.0;-540.0;-520.0;-500.0;-480.0;-440.0;-420.0;-400.0;-380.0;-360.0;-340.0;-320.0;-300.0;-280.0;-260.0;-240.0;-220.0;-200.0;-180.0;-160.0;-140.0;-120.0;-80.0;-60.0;-40.0;-20.0;0.0;20.0;40.0;60.0;80.0;100.0;120.0;140.0;160.0;180.0;240.0;280.0;300.0;320.0;340.0;360.0;380.0;400.0;420.0;440.0;460.0;480.0;500.0;520.0;540.0
-1.374811;-1.443107;-0.606535;0.050359;2.027949;-0.630925;0.183225;0.224496;0.216378;0.214938;-0.307753;-0.802387;-0.955061;-1.025878;-0.89931;-1.204361;-1.308929;-1.374811;-1.443107;-0.606535;0.050359;2.027949;-0.630925;0.183225;0.224496;0.216378;0.214938;-0.307753;-0.802387;-0.955061;-1.025878;-0.89931;-1.204361;-1.308929;-1.374811;-1.443107;-0.606535;-0.630925;0.183225;0.224496;0.216378;0.214938;-0.307753;-0.802387;-0.955061;-1.025878;-0.89931;-1.204361;-1.308929;-1.374811;-1.443107
-560.0;-540.0;-520.0;-500.0;-480.0;-440.0;-420.0;-400.0;-380.0;-360.0;-340.0;-320.0;-300.0;-280.0;-260.0;-240.0;-220.0;-200.0;-180.0;-160.0;-140.0;-120.0;-80.0;-60.0;-40.0;-20.0;0.0;20.0;40.0;60.0;80.0;100.0;120.0;140.0;160.0;180.0;240.0;280.0;300.0;320.0;340.0;360.0;380.0;400.0;420.0;440.0;460.0;480.0;500.0;520.0;540.0
-1.782976;-2.256585;-2.38988;-0.321013;0.536556;-0.630925;-0.026084;-0.096052;-0.247027;-0.153556;-0.215194;-0.887503;-1.112312;-0.84638;-1.480079;-1.722738;-1.729292;-1.782976;-2.256585;-2.38988;-0.321013;0.536556;-0.630925;-0.026084;-0.096052;-0.247027;-0.153556;-0.215194;-0.887503;-1.112312;-0.84638;-1.480079;-1.722738;-1.729292;-1.782976;-2.256585;-2.38988;-0.630925;-0.026084;-0.096052;-0.247027;-0.153556;-0.215194;-0.887503;-1.112312;-0.84638;-1.480079;-1.722738;-1.729292;-1.782976;-2.256585
-560.0;-540.0;-520.0;-500.0;-480.0;-420.0;-400.0;-380.0;-360.0;-340.0;-320.0;-300.0;-260.0;-240.0;-220.0;-200.0;-180.0;-160.0;-140.0;-120.0;-60.0;-40.0;-20.0;0.0;20.0;40.0;60.0;100.0;120.0;140.0;160.0;180.0;240.0;300.0;320.0;340.0;360.0;380.0;400.0;420.0;460.0;480.0;500.0;520.0;540.0
-1.517761;-2.308837;-2.966604;-0.954838;-0.954838;-1.01802;-0.693818;-0.561685;-0.026;0.78926;-0.557483;-1.596339;-1.347895;-2.175594;-1.814096;-1.517761;-2.308837;-2.966604;-0.954838;-0.954838;-1.01802;-0.693818;-0.561685;-0.026;0.78926;-0.557483;-1.596339;-1.347895;-2.175594;-1.814096;-1.517761;-2.308837;-2.966604;-1.01802;-0.693818;-0.561685;-0.026;0.78926;-0.557483;-1.596339;-1.347895;-2.175594;-1.814096;-1.517761;-2.308837
