CO psi-1 chi
-0.215081774671
0.132528526316;-0.387545157895;0.229020421053;0.39435775;-0.156986125;-1.5018660625
N/A
60.000000;180.000000;300.000000;Unknown;ALA;GLY
-560.0;-160.0;-360.0;-360.0;-360.0;-360.0;-360.0;-360.0;-360.0;-360.0;-360.0;-360.0;-360.0;-360.0;-360.0;-360.0;-360.0;-360.0;-360.0;-360.0;-360.0;-200.0;200.0;0.0;0.0;0.0;0.0;0.0;0.0;0.0;0.0;0.0;0.0;0.0;0.0;0.0;0.0;0.0;0.0;0.0;0.0;0.0;160.0;560.0;360.0;360.0;360.0;360.0;360.0;360.0;360.0;360.0;360.0;360.0;360.0;360.0;360.0;360.0;360.0;360.0;360.0;360.0;360.0
0.022147;0.580827;0.580827;1.10159;-0.213502;-0.054651;0.325541;-0.209005;0.02582;0.08708;-0.007498;-0.434024;-0.712779;0.575856;0.627879;0.185944;0.298824;0.135801;0.022147;0.091096;0.580827;0.022147;0.580827;0.580827;1.10159;-0.213502;-0.054651;0.325541;-0.209005;0.02582;0.08708;-0.007498;-0.434024;-0.712779;0.575856;0.627879;0.185944;0.298824;0.135801;0.022147;0.091096;0.580827;0.022147;0.580827;0.580827;1.10159;-0.213502;-0.054651;0.325541;-0.209005;0.02582;0.08708;-0.007498;-0.434024;-0.712779;0.575856;0.627879;0.185944;0.298824;0.135801;0.022147;0.091096;0.580827
-560.0;-160.0;-360.0;-360.0;-360.0;-360.0;-360.0;-360.0;-360.0;-360.0;-360.0;-360.0;-360.0;-360.0;-360.0;-360.0;-360.0;-360.0;-360.0;-360.0;-360.0;-200.0;200.0;0.0;0.0;0.0;0.0;0.0;0.0;0.0;0.0;0.0;0.0;0.0;0.0;0.0;0.0;0.0;0.0;0.0;0.0;0.0;160.0;560.0;360.0;360.0;360.0;360.0;360.0;360.0;360.0;360.0;360.0;360.0;360.0;360.0;360.0;360.0;360.0;360.0;360.0;360.0;360.0
-0.206115;1.621386;1.621386;0.71282;-0.855605;-2.341446;0.072148;-0.371623;-0.351843;-0.386206;-0.515339;-0.533372;-1.195928;-0.860898;-0.735912;-0.365832;-0.181743;-0.140228;-0.206115;-0.363811;1.621386;-0.206115;1.621386;1.621386;0.71282;-0.855605;-2.341446;0.072148;-0.371623;-0.351843;-0.386206;-0.515339;-0.533372;-1.195928;-0.860898;-0.735912;-0.365832;-0.181743;-0.140228;-0.206115;-0.363811;1.621386;-0.206115;1.621386;1.621386;0.71282;-0.855605;-2.341446;0.072148;-0.371623;-0.351843;-0.386206;-0.515339;-0.533372;-1.195928;-0.860898;-0.735912;-0.365832;-0.181743;-0.140228;-0.206115;-0.363811;1.621386
-560.0;-160.0;-360.0;-360.0;-360.0;-360.0;-360.0;-360.0;-360.0;-360.0;-360.0;-360.0;-360.0;-360.0;-360.0;-360.0;-360.0;-360.0;-360.0;-360.0;-360.0;-200.0;200.0;0.0;0.0;0.0;0.0;0.0;0.0;0.0;0.0;0.0;0.0;0.0;0.0;0.0;0.0;0.0;0.0;0.0;0.0;0.0;160.0;560.0;360.0;360.0;360.0;360.0;360.0;360.0;360.0;360.0;360.0;360.0;360.0;360.0;360.0;360.0;360.0;360.0;360.0;360.0;360.0
0.404339;0.73482;0.73482;0.70513;-0.311756;-0.864171;0.231936;0.234411;0.168719;0.059105;-0.05079;-0.160886;0.10687;0.760249;-0.115385;0.453078;0.445037;0.345508;0.404339;0.602587;0.73482;0.404339;0.73482;0.73482;0.70513;-0.311756;-0.864171;0.231936;0.234411;0.168719;0.059105;-0.05079;-0.160886;0.10687;0.760249;-0.115385;0.453078;0.445037;0.345508;0.404339;0.602587;0.73482;0.404339;0.73482;0.73482;0.70513;-0.311756;-0.864171;0.231936;0.234411;0.168719;0.059105;-0.05079;-0.160886;0.10687;0.760249;-0.115385;0.453078;0.445037;0.345508;0.404339;0.602587;0.73482
-560.0;-160.0;-360.0;-360.0;-360.0;-360.0;-360.0;-360.0;-360.0;-360.0;-360.0;-360.0;-360.0;-360.0;-200.0;200.0;0.0;0.0;0.0;0.0;0.0;0.0;0.0;0.0;0.0;0.0;0.0;0.0;160.0;560.0;360.0;360.0;360.0;360.0;360.0;360.0;360.0;360.0;360.0;360.0;360.0;360.0
1.108932;-3.235543;-3.235543;0.0;0.0;0.0;0.0;1.988597;1.988597;5.093494;5.093494;0.0;1.774428;1.774428;1.108932;-3.235543;-3.235543;0.0;0.0;0.0;0.0;1.988597;1.988597;5.093494;5.093494;0.0;1.774428;1.774428;1.108932;-3.235543;-3.235543;0.0;0.0;0.0;0.0;1.988597;1.988597;5.093494;5.093494;0.0;1.774428;1.774428
-560.0;-160.0;-360.0;-360.0;-360.0;-360.0;-360.0;-360.0;-360.0;-360.0;-360.0;-360.0;-360.0;-360.0;-360.0;-360.0;-360.0;-360.0;-200.0;200.0;0.0;0.0;0.0;0.0;0.0;0.0;0.0;0.0;0.0;0.0;0.0;0.0;0.0;0.0;0.0;0.0;160.0;560.0;360.0;360.0;360.0;360.0;360.0;360.0;360.0;360.0;360.0;360.0;360.0;360.0;360.0;360.0;360.0;360.0
-0.106437;0.746776;0.746776;0.352905;0.352905;0.0;0.0;-0.621155;-0.516139;-0.492574;-0.262077;0.270799;0.042949;0.0;-0.355748;-0.78462;-0.568213;-0.186745;-0.106437;0.746776;0.746776;0.352905;0.352905;0.0;0.0;-0.621155;-0.516139;-0.492574;-0.262077;0.270799;0.042949;0.0;-0.355748;-0.78462;-0.568213;-0.186745;-0.106437;0.746776;0.746776;0.352905;0.352905;0.0;0.0;-0.621155;-0.516139;-0.492574;-0.262077;0.270799;0.042949;0.0;-0.355748;-0.78462;-0.568213;-0.186745
-560.0;-160.0;-360.0;-360.0;-360.0;-360.0;-360.0;-360.0;-360.0;-360.0;-360.0;-360.0;-360.0;-360.0;-360.0;-360.0;-360.0;-360.0;-200.0;200.0;0.0;0.0;0.0;0.0;0.0;0.0;0.0;0.0;0.0;0.0;0.0;0.0;0.0;0.0;0.0;0.0;160.0;560.0;360.0;360.0;360.0;360.0;360.0;360.0;360.0;360.0;360.0;360.0;360.0;360.0;360.0;360.0;360.0;360.0
-1.088797;-0.505555;-0.505555;-1.064822;0.0;0.0;0.0;-1.586584;-1.339919;-1.19794;-1.012397;-0.868845;-0.994499;-2.580487;-4.072167;-3.033609;-1.431837;-1.173951;-1.088797;-0.505555;-0.505555;-1.064822;0.0;0.0;0.0;-1.586584;-1.339919;-1.19794;-1.012397;-0.868845;-0.994499;-2.580487;-4.072167;-3.033609;-1.431837;-1.173951;-1.088797;-0.505555;-0.505555;-1.064822;0.0;0.0;0.0;-1.586584;-1.339919;-1.19794;-1.012397;-0.868845;-0.994499;-2.580487;-4.072167;-3.033609;-1.431837;-1.173951
