CO psi+1 obond
-0.0235330526316
-0.0846120526316;0.0375459473684
N/A
N/A
N/A
Y;N
-560.0;-540.0;-520.0;-500.0;-480.0;-460.0;-440.0;-420.0;-400.0;-380.0;-360.0;-340.0;-320.0;-300.0;-280.0;-260.0;-240.0;-220.0;-200.0;-180.0;-160.0;-140.0;-120.0;-100.0;-80.0;-60.0;-40.0;-20.0;0.0;20.0;40.0;60.0;80.0;100.0;120.0;140.0;160.0;180.0;200.0;220.0;240.0;260.0;280.0;300.0;320.0;340.0;360.0;380.0;400.0;420.0;440.0;460.0;480.0;500.0;520.0;540.0;560.0
-0.032089;0.077819;-0.190502;-1.109401;-0.202452;0.248553;-0.407855;-0.042578;0.035468;0.097756;0.093883;0.217155;0.217573;0.129396;-0.309351;-0.110092;-0.213755;-0.184976;-0.032089;0.077819;-0.190502;-1.109401;-0.202452;0.248553;-0.407855;-0.042578;0.035468;0.097756;0.093883;0.217155;0.217573;0.129396;-0.309351;-0.110092;-0.213755;-0.184976;-0.032089;0.077819;-0.190502;-1.109401;-0.202452;0.248553;-0.407855;-0.042578;0.035468;0.097756;0.093883;0.217155;0.217573;0.129396;-0.309351;-0.110092;-0.213755;-0.184976;-0.032089;0.077819;-0.190502
-560.0;-540.0;-520.0;-500.0;-480.0;-460.0;-440.0;-420.0;-400.0;-380.0;-360.0;-340.0;-320.0;-300.0;-280.0;-260.0;-240.0;-220.0;-200.0;-180.0;-160.0;-140.0;-120.0;-100.0;-80.0;-60.0;-40.0;-20.0;0.0;20.0;40.0;60.0;80.0;100.0;120.0;140.0;160.0;180.0;200.0;220.0;240.0;260.0;280.0;300.0;320.0;340.0;360.0;380.0;400.0;420.0;440.0;460.0;480.0;500.0;520.0;540.0;560.0
0.291288;0.137699;0.258244;0.256563;-0.131127;-0.329361;-0.73733;-0.585004;-0.707477;-0.47343;-0.280954;-0.165824;0.071684;0.621995;0.953464;0.660931;0.371442;0.362871;0.291288;0.137699;0.258244;0.256563;-0.131127;-0.329361;-0.73733;-0.585004;-0.707477;-0.47343;-0.280954;-0.165824;0.071684;0.621995;0.953464;0.660931;0.371442;0.362871;0.291288;0.137699;0.258244;0.256563;-0.131127;-0.329361;-0.73733;-0.585004;-0.707477;-0.47343;-0.280954;-0.165824;0.071684;0.621995;0.953464;0.660931;0.371442;0.362871;0.291288;0.137699;0.258244
