CO psi+1 phi+1
-0.0574912752334
0.25354425;-0.161274428571;-0.168630428571;-0.385275055556;-0.471716736842;-0.139185833333;0.223575388889;0.5131145625;-0.0714291111111;0.4861418;0.341992571429;-0.041834125;-0.125027470588;-0.290456230769;-1.1254158;-0.85319225;0.25354425;-0.161274428571;-0.168630428571;-0.385275055556;-0.471716736842;-0.139185833333;0.223575388889;0.5131145625;-0.0714291111111;0.4861418;0.341992571429;-0.041834125;-0.125027470588;-0.290456230769;-1.1254158;-0.85319225;0.25354425;-0.161274428571;-0.168630428571;-0.385275055556;-0.471716736842;-0.139185833333;0.223575388889;0.5131145625;-0.0714291111111;0.4861418;0.341992571429;-0.041834125;-0.125027470588;-0.290456230769;-1.1254158;-0.85319225;0.25354425;-0.161274428571;-0.168630428571
N/A
N/A
N/A
-560.0;-540.0;-520.0;-500.0;-480.0;-460.0;-440.0;-420.0;-400.0;-380.0;-320.0;-300.0;-280.0;-260.0;-240.0;-220.0;-200.0;-180.0;-160.0;-140.0;-120.0;-100.0;-80.0;-60.0;-40.0;-20.0;40.0;60.0;80.0;100.0;120.0;140.0;160.0;180.0;200.0;220.0;240.0;260.0;280.0;300.0;320.0;340.0;400.0;420.0;440.0;460.0;480.0;500.0;520.0;540.0;560.0
-560.0;-540.0;-520.0;-200.0;-180.0;-160.0;160.0;180.0;240.0;520.0;540.0
-0.033615;0.253544;0.540704;-0.033615;0.253544;0.540704;-0.033615;0.253544;0.540704;-0.033615;0.253544
-560.0;-540.0;-520.0;-500.0;-240.0;-220.0;-200.0;-180.0;-160.0;-140.0;120.0;140.0;160.0;180.0;240.0;480.0;500.0;520.0;540.0
-0.256726;-0.246123;0.008253;-0.349099;-0.02689;-0.012213;-0.256726;-0.246123;0.008253;-0.349099;-0.02689;-0.012213;-0.256726;-0.246123;0.008253;-0.02689;-0.012213;-0.256726;-0.246123
-560.0;-540.0;-520.0;-500.0;-420.0;-400.0;-340.0;-320.0;-300.0;-280.0;-260.0;-240.0;-220.0;-200.0;-180.0;-160.0;-140.0;-60.0;-40.0;20.0;40.0;60.0;80.0;100.0;120.0;140.0;160.0;180.0;240.0;300.0;320.0;380.0;400.0;420.0;440.0;460.0;480.0;500.0;520.0;540.0
-0.349627;-0.399631;-0.293934;-0.725535;-1.378354;-1.378354;0.614513;0.614513;0.450636;0.450636;0.301618;0.247734;-0.11541;-0.349627;-0.399631;-0.293934;-0.725535;-1.378354;-1.378354;0.614513;0.614513;0.450636;0.450636;0.301618;0.247734;-0.11541;-0.349627;-0.399631;-0.293934;-1.378354;-1.378354;0.614513;0.614513;0.450636;0.450636;0.301618;0.247734;-0.11541;-0.349627;-0.399631
-560.0;-540.0;-520.0;-500.0;-460.0;-440.0;-420.0;-400.0;-380.0;-360.0;-340.0;-320.0;-300.0;-280.0;-260.0;-240.0;-220.0;-200.0;-180.0;-160.0;-140.0;-100.0;-80.0;-60.0;-40.0;-20.0;0.0;20.0;40.0;60.0;80.0;100.0;120.0;140.0;160.0;180.0;240.0;260.0;280.0;300.0;320.0;340.0;360.0;380.0;400.0;420.0;440.0;460.0;480.0;500.0;520.0;540.0
-0.292975;-0.425873;-0.413769;-0.913753;-0.857314;-0.820714;-1.081234;-0.330096;-0.355241;-0.408672;-0.173406;-0.331382;-0.108745;0.084738;0.019706;0.005819;-0.106167;-0.292975;-0.425873;-0.413769;-0.913753;-0.857314;-0.820714;-1.081234;-0.330096;-0.355241;-0.408672;-0.173406;-0.331382;-0.108745;0.084738;0.019706;0.005819;-0.106167;-0.292975;-0.425873;-0.413769;-0.857314;-0.820714;-1.081234;-0.330096;-0.355241;-0.408672;-0.173406;-0.331382;-0.108745;0.084738;0.019706;0.005819;-0.106167;-0.292975;-0.425873
-560.0;-540.0;-520.0;-500.0;-480.0;-460.0;-440.0;-420.0;-400.0;-380.0;-360.0;-340.0;-320.0;-300.0;-280.0;-260.0;-240.0;-220.0;-200.0;-180.0;-160.0;-140.0;-120.0;-100.0;-80.0;-60.0;-40.0;-20.0;0.0;20.0;40.0;60.0;80.0;100.0;120.0;140.0;160.0;180.0;240.0;260.0;280.0;300.0;320.0;340.0;360.0;380.0;400.0;420.0;440.0;460.0;480.0;500.0;520.0;540.0
-0.283407;-0.432035;-0.498766;-0.407629;-0.173259;-0.857314;-1.347597;-1.432696;-0.434944;-0.475162;-0.506693;-0.33952;-0.226223;-0.16115;-0.129419;-0.240181;-0.304793;-0.279795;-0.283407;-0.432035;-0.498766;-0.407629;-0.173259;-0.857314;-1.347597;-1.432696;-0.434944;-0.475162;-0.506693;-0.33952;-0.226223;-0.16115;-0.129419;-0.240181;-0.304793;-0.279795;-0.283407;-0.432035;-0.498766;-0.857314;-1.347597;-1.432696;-0.434944;-0.475162;-0.506693;-0.33952;-0.226223;-0.16115;-0.129419;-0.240181;-0.304793;-0.279795;-0.283407;-0.432035
-560.0;-540.0;-520.0;-500.0;-480.0;-440.0;-420.0;-400.0;-380.0;-360.0;-340.0;-320.0;-300.0;-280.0;-260.0;-240.0;-220.0;-200.0;-180.0;-160.0;-140.0;-120.0;-80.0;-60.0;-40.0;-20.0;0.0;20.0;40.0;60.0;80.0;100.0;120.0;140.0;160.0;180.0;240.0;280.0;300.0;320.0;340.0;360.0;380.0;400.0;420.0;440.0;460.0;480.0;500.0;520.0;540.0
0.021533;0.268257;-0.020293;0.020234;-0.165184;-0.744927;-0.457355;-0.224663;-0.330309;-0.407115;-0.415461;-0.225672;0.358415;0.284004;-0.083641;-0.33441;-0.317015;0.021533;0.268257;-0.020293;0.020234;-0.165184;-0.744927;-0.457355;-0.224663;-0.330309;-0.407115;-0.415461;-0.225672;0.358415;0.284004;-0.083641;-0.33441;-0.317015;0.021533;0.268257;-0.020293;-0.744927;-0.457355;-0.224663;-0.330309;-0.407115;-0.415461;-0.225672;0.358415;0.284004;-0.083641;-0.33441;-0.317015;0.021533;0.268257
-560.0;-540.0;-520.0;-500.0;-480.0;-440.0;-420.0;-400.0;-380.0;-360.0;-340.0;-320.0;-300.0;-280.0;-260.0;-240.0;-220.0;-200.0;-180.0;-160.0;-140.0;-120.0;-80.0;-60.0;-40.0;-20.0;0.0;20.0;40.0;60.0;80.0;100.0;120.0;140.0;160.0;180.0;240.0;280.0;300.0;320.0;340.0;360.0;380.0;400.0;420.0;440.0;460.0;480.0;500.0;520.0;540.0
0.477298;0.678045;0.831095;0.448098;-0.15711;-0.184413;0.32716;0.335301;0.128618;-0.222515;-0.363781;-0.290856;0.365724;0.575741;0.197366;0.009962;0.190579;0.477298;0.678045;0.831095;0.448098;-0.15711;-0.184413;0.32716;0.335301;0.128618;-0.222515;-0.363781;-0.290856;0.365724;0.575741;0.197366;0.009962;0.190579;0.477298;0.678045;0.831095;-0.184413;0.32716;0.335301;0.128618;-0.222515;-0.363781;-0.290856;0.365724;0.575741;0.197366;0.009962;0.190579;0.477298;0.678045
-560.0;-540.0;-520.0;-440.0;-420.0;-400.0;-380.0;-360.0;-340.0;-320.0;-300.0;-280.0;-260.0;-240.0;-220.0;-200.0;-180.0;-160.0;-80.0;-60.0;-40.0;-20.0;0.0;20.0;40.0;60.0;80.0;100.0;120.0;140.0;160.0;180.0;240.0;280.0;300.0;320.0;340.0;360.0;380.0;400.0;420.0;440.0;460.0;480.0;500.0;520.0;540.0
0.516298;0.54828;1.76338;-0.010747;0.210403;0.26195;0.271235;0.073545;0.841805;1.794744;0.440324;0.581727;-0.308814;0.252084;0.425339;0.516298;0.54828;1.76338;-0.010747;0.210403;0.26195;0.271235;0.073545;0.841805;1.794744;0.440324;0.581727;-0.308814;0.252084;0.425339;0.516298;0.54828;1.76338;-0.010747;0.210403;0.26195;0.271235;0.073545;0.841805;1.794744;0.440324;0.581727;-0.308814;0.252084;0.425339;0.516298;0.54828
-560.0;-440.0;-420.0;-400.0;-380.0;-360.0;-260.0;-240.0;-220.0;-200.0;-80.0;-60.0;-40.0;-20.0;0.0;100.0;120.0;140.0;160.0;280.0;300.0;320.0;340.0;360.0;460.0;480.0;500.0
0.164255;-0.033208;-0.011881;0.057135;0.173484;0.38252;-1.453648;-0.001587;0.080068;0.164255;-0.033208;-0.011881;0.057135;0.173484;0.38252;-1.453648;-0.001587;0.080068;0.164255;-0.033208;-0.011881;0.057135;0.173484;0.38252;-1.453648;-0.001587;0.080068
-560.0;-420.0;-400.0;-240.0;-220.0;-200.0;-60.0;-40.0;120.0;140.0;160.0;300.0;320.0;480.0;500.0
-0.529442;1.582856;1.582856;0.03944;-0.245001;-0.529442;1.582856;1.582856;0.03944;-0.245001;-0.529442;1.582856;1.582856;0.03944;-0.245001
-500.0;-480.0;-460.0;-360.0;-340.0;-320.0;-300.0;-140.0;-120.0;-100.0;0.0;20.0;40.0;60.0;220.0;240.0;260.0;360.0;380.0;400.0
1.352033;1.819579;2.75467;-1.586747;-0.996614;-0.571389;-0.377584;1.352033;1.819579;2.75467;-1.586747;-0.996614;-0.571389;-0.377584;1.352033;1.819579;2.75467;-1.586747;-0.996614;-0.571389
-540.0;-520.0;-500.0;-480.0;-460.0;-440.0;-420.0;-400.0;-380.0;-360.0;-340.0;-320.0;-300.0;-240.0;-220.0;-180.0;-160.0;-140.0;-120.0;-100.0;-80.0;-60.0;-40.0;-20.0;0.0;20.0;40.0;60.0;120.0;140.0;180.0;240.0;260.0;280.0;300.0;320.0;340.0;360.0;380.0;400.0;420.0;480.0;500.0;540.0
1.581717;1.534484;1.116979;1.139378;1.549457;-1.556742;-0.619899;0.693831;0.996365;-0.108971;-0.501494;-0.674555;-0.705475;-3.348069;-3.348069;1.581717;1.534484;1.116979;1.139378;1.549457;-1.556742;-0.619899;0.693831;0.996365;-0.108971;-0.501494;-0.674555;-0.705475;-3.348069;-3.348069;1.581717;1.534484;1.549457;-1.556742;-0.619899;0.693831;0.996365;-0.108971;-0.501494;-0.674555;-0.705475;-3.348069;-3.348069;1.581717
-560.0;-540.0;-520.0;-500.0;-480.0;-460.0;-440.0;-420.0;-400.0;-380.0;-360.0;-340.0;-320.0;-300.0;-240.0;-220.0;-200.0;-180.0;-160.0;-140.0;-120.0;-100.0;-80.0;-60.0;-40.0;-20.0;0.0;20.0;40.0;60.0;120.0;140.0;160.0;180.0;240.0;260.0;280.0;300.0;320.0;340.0;360.0;380.0;400.0;420.0;480.0;500.0;520.0;540.0
0.950133;1.211701;1.350858;0.837846;0.592812;1.147719;-1.270843;-0.696965;-0.838245;0.075193;0.10654;-0.188388;-0.750696;-1.246875;-3.348069;-1.269889;0.950133;1.211701;1.350858;0.837846;0.592812;1.147719;-1.270843;-0.696965;-0.838245;0.075193;0.10654;-0.188388;-0.750696;-1.246875;-3.348069;-1.269889;0.950133;1.211701;1.350858;1.147719;-1.270843;-0.696965;-0.838245;0.075193;0.10654;-0.188388;-0.750696;-1.246875;-3.348069;-1.269889;0.950133;1.211701
-560.0;-540.0;-520.0;-500.0;-480.0;-440.0;-420.0;-400.0;-380.0;-360.0;-340.0;-220.0;-200.0;-180.0;-160.0;-140.0;-120.0;-80.0;-60.0;-40.0;-20.0;0.0;20.0;140.0;160.0;180.0;240.0;280.0;300.0;320.0;340.0;360.0;380.0;500.0;520.0;540.0
0.817511;0.290442;0.046905;-0.645982;-0.645982;-0.984945;-0.774031;-1.880421;-0.453264;-0.194072;-0.256502;0.613968;0.817511;0.290442;0.046905;-0.645982;-0.645982;-0.984945;-0.774031;-1.880421;-0.453264;-0.194072;-0.256502;0.613968;0.817511;0.290442;0.046905;-0.984945;-0.774031;-1.880421;-0.453264;-0.194072;-0.256502;0.613968;0.817511;0.290442
-560.0;-540.0;-520.0;-500.0;-400.0;-380.0;-360.0;-340.0;-220.0;-200.0;-180.0;-160.0;-140.0;-40.0;-20.0;0.0;20.0;140.0;160.0;180.0;240.0;320.0;340.0;360.0;380.0;500.0;520.0;540.0
-0.664283;-1.301172;-1.788952;-1.530229;-1.250237;-0.976462;-0.874965;-0.922152;-0.644534;-0.664283;-1.301172;-1.788952;-1.530229;-1.250237;-0.976462;-0.874965;-0.922152;-0.644534;-0.664283;-1.301172;-1.788952;-1.250237;-0.976462;-0.874965;-0.922152;-0.644534;-0.664283;-1.301172
-560.0;-540.0;-520.0;-500.0;-400.0;-380.0;-220.0;-200.0;-180.0;-160.0;-140.0;-40.0;-20.0;140.0;160.0;180.0;240.0;320.0;340.0;500.0;520.0;540.0
-0.98428;0.099454;0.398483;-1.530229;-1.599854;-1.599854;-1.708712;-0.98428;0.099454;0.398483;-1.530229;-1.599854;-1.599854;-1.708712;-0.98428;0.099454;0.398483;-1.599854;-1.599854;-1.708712;-0.98428;0.099454
-560.0;-540.0;-520.0;-200.0;-180.0;-160.0;160.0;180.0;240.0;520.0;540.0
-0.033615;0.253544;0.540704;-0.033615;0.253544;0.540704;-0.033615;0.253544;0.540704;-0.033615;0.253544
-560.0;-540.0;-520.0;-500.0;-240.0;-220.0;-200.0;-180.0;-160.0;-140.0;120.0;140.0;160.0;180.0;240.0;480.0;500.0;520.0;540.0
-0.256726;-0.246123;0.008253;-0.349099;-0.02689;-0.012213;-0.256726;-0.246123;0.008253;-0.349099;-0.02689;-0.012213;-0.256726;-0.246123;0.008253;-0.02689;-0.012213;-0.256726;-0.246123
-560.0;-540.0;-520.0;-500.0;-420.0;-400.0;-340.0;-320.0;-300.0;-280.0;-260.0;-240.0;-220.0;-200.0;-180.0;-160.0;-140.0;-60.0;-40.0;20.0;40.0;60.0;80.0;100.0;120.0;140.0;160.0;180.0;240.0;300.0;320.0;380.0;400.0;420.0;440.0;460.0;480.0;500.0;520.0;540.0
-0.349627;-0.399631;-0.293934;-0.725535;-1.378354;-1.378354;0.614513;0.614513;0.450636;0.450636;0.301618;0.247734;-0.11541;-0.349627;-0.399631;-0.293934;-0.725535;-1.378354;-1.378354;0.614513;0.614513;0.450636;0.450636;0.301618;0.247734;-0.11541;-0.349627;-0.399631;-0.293934;-1.378354;-1.378354;0.614513;0.614513;0.450636;0.450636;0.301618;0.247734;-0.11541;-0.349627;-0.399631
-560.0;-540.0;-520.0;-500.0;-460.0;-440.0;-420.0;-400.0;-380.0;-360.0;-340.0;-320.0;-300.0;-280.0;-260.0;-240.0;-220.0;-200.0;-180.0;-160.0;-140.0;-100.0;-80.0;-60.0;-40.0;-20.0;0.0;20.0;40.0;60.0;80.0;100.0;120.0;140.0;160.0;180.0;240.0;260.0;280.0;300.0;320.0;340.0;360.0;380.0;400.0;420.0;440.0;460.0;480.0;500.0;520.0;540.0
-0.292975;-0.425873;-0.413769;-0.913753;-0.857314;-0.820714;-1.081234;-0.330096;-0.355241;-0.408672;-0.173406;-0.331382;-0.108745;0.084738;0.019706;0.005819;-0.106167;-0.292975;-0.425873;-0.413769;-0.913753;-0.857314;-0.820714;-1.081234;-0.330096;-0.355241;-0.408672;-0.173406;-0.331382;-0.108745;0.084738;0.019706;0.005819;-0.106167;-0.292975;-0.425873;-0.413769;-0.857314;-0.820714;-1.081234;-0.330096;-0.355241;-0.408672;-0.173406;-0.331382;-0.108745;0.084738;0.019706;0.005819;-0.106167;-0.292975;-0.425873
-560.0;-540.0;-520.0;-500.0;-480.0;-460.0;-440.0;-420.0;-400.0;-380.0;-360.0;-340.0;-320.0;-300.0;-280.0;-260.0;-240.0;-220.0;-200.0;-180.0;-160.0;-140.0;-120.0;-100.0;-80.0;-60.0;-40.0;-20.0;0.0;20.0;40.0;60.0;80.0;100.0;120.0;140.0;160.0;180.0;240.0;260.0;280.0;300.0;320.0;340.0;360.0;380.0;400.0;420.0;440.0;460.0;480.0;500.0;520.0;540.0
-0.283407;-0.432035;-0.498766;-0.407629;-0.173259;-0.857314;-1.347597;-1.432696;-0.434944;-0.475162;-0.506693;-0.33952;-0.226223;-0.16115;-0.129419;-0.240181;-0.304793;-0.279795;-0.283407;-0.432035;-0.498766;-0.407629;-0.173259;-0.857314;-1.347597;-1.432696;-0.434944;-0.475162;-0.506693;-0.33952;-0.226223;-0.16115;-0.129419;-0.240181;-0.304793;-0.279795;-0.283407;-0.432035;-0.498766;-0.857314;-1.347597;-1.432696;-0.434944;-0.475162;-0.506693;-0.33952;-0.226223;-0.16115;-0.129419;-0.240181;-0.304793;-0.279795;-0.283407;-0.432035
-560.0;-540.0;-520.0;-500.0;-480.0;-440.0;-420.0;-400.0;-380.0;-360.0;-340.0;-320.0;-300.0;-280.0;-260.0;-240.0;-220.0;-200.0;-180.0;-160.0;-140.0;-120.0;-80.0;-60.0;-40.0;-20.0;0.0;20.0;40.0;60.0;80.0;100.0;120.0;140.0;160.0;180.0;240.0;280.0;300.0;320.0;340.0;360.0;380.0;400.0;420.0;440.0;460.0;480.0;500.0;520.0;540.0
0.021533;0.268257;-0.020293;0.020234;-0.165184;-0.744927;-0.457355;-0.224663;-0.330309;-0.407115;-0.415461;-0.225672;0.358415;0.284004;-0.083641;-0.33441;-0.317015;0.021533;0.268257;-0.020293;0.020234;-0.165184;-0.744927;-0.457355;-0.224663;-0.330309;-0.407115;-0.415461;-0.225672;0.358415;0.284004;-0.083641;-0.33441;-0.317015;0.021533;0.268257;-0.020293;-0.744927;-0.457355;-0.224663;-0.330309;-0.407115;-0.415461;-0.225672;0.358415;0.284004;-0.083641;-0.33441;-0.317015;0.021533;0.268257
-560.0;-540.0;-520.0;-500.0;-480.0;-440.0;-420.0;-400.0;-380.0;-360.0;-340.0;-320.0;-300.0;-280.0;-260.0;-240.0;-220.0;-200.0;-180.0;-160.0;-140.0;-120.0;-80.0;-60.0;-40.0;-20.0;0.0;20.0;40.0;60.0;80.0;100.0;120.0;140.0;160.0;180.0;240.0;280.0;300.0;320.0;340.0;360.0;380.0;400.0;420.0;440.0;460.0;480.0;500.0;520.0;540.0
0.477298;0.678045;0.831095;0.448098;-0.15711;-0.184413;0.32716;0.335301;0.128618;-0.222515;-0.363781;-0.290856;0.365724;0.575741;0.197366;0.009962;0.190579;0.477298;0.678045;0.831095;0.448098;-0.15711;-0.184413;0.32716;0.335301;0.128618;-0.222515;-0.363781;-0.290856;0.365724;0.575741;0.197366;0.009962;0.190579;0.477298;0.678045;0.831095;-0.184413;0.32716;0.335301;0.128618;-0.222515;-0.363781;-0.290856;0.365724;0.575741;0.197366;0.009962;0.190579;0.477298;0.678045
-560.0;-540.0;-520.0;-440.0;-420.0;-400.0;-380.0;-360.0;-340.0;-320.0;-300.0;-280.0;-260.0;-240.0;-220.0;-200.0;-180.0;-160.0;-80.0;-60.0;-40.0;-20.0;0.0;20.0;40.0;60.0;80.0;100.0;120.0;140.0;160.0;180.0;240.0;280.0;300.0;320.0;340.0;360.0;380.0;400.0;420.0;440.0;460.0;480.0;500.0;520.0;540.0
0.516298;0.54828;1.76338;-0.010747;0.210403;0.26195;0.271235;0.073545;0.841805;1.794744;0.440324;0.581727;-0.308814;0.252084;0.425339;0.516298;0.54828;1.76338;-0.010747;0.210403;0.26195;0.271235;0.073545;0.841805;1.794744;0.440324;0.581727;-0.308814;0.252084;0.425339;0.516298;0.54828;1.76338;-0.010747;0.210403;0.26195;0.271235;0.073545;0.841805;1.794744;0.440324;0.581727;-0.308814;0.252084;0.425339;0.516298;0.54828
-560.0;-440.0;-420.0;-400.0;-380.0;-360.0;-260.0;-240.0;-220.0;-200.0;-80.0;-60.0;-40.0;-20.0;0.0;100.0;120.0;140.0;160.0;280.0;300.0;320.0;340.0;360.0;460.0;480.0;500.0
0.164255;-0.033208;-0.011881;0.057135;0.173484;0.38252;-1.453648;-0.001587;0.080068;0.164255;-0.033208;-0.011881;0.057135;0.173484;0.38252;-1.453648;-0.001587;0.080068;0.164255;-0.033208;-0.011881;0.057135;0.173484;0.38252;-1.453648;-0.001587;0.080068
-560.0;-420.0;-400.0;-240.0;-220.0;-200.0;-60.0;-40.0;120.0;140.0;160.0;300.0;320.0;480.0;500.0
-0.529442;1.582856;1.582856;0.03944;-0.245001;-0.529442;1.582856;1.582856;0.03944;-0.245001;-0.529442;1.582856;1.582856;0.03944;-0.245001
-500.0;-480.0;-460.0;-360.0;-340.0;-320.0;-300.0;-140.0;-120.0;-100.0;0.0;20.0;40.0;60.0;220.0;240.0;260.0;360.0;380.0;400.0
1.352033;1.819579;2.75467;-1.586747;-0.996614;-0.571389;-0.377584;1.352033;1.819579;2.75467;-1.586747;-0.996614;-0.571389;-0.377584;1.352033;1.819579;2.75467;-1.586747;-0.996614;-0.571389
-540.0;-520.0;-500.0;-480.0;-460.0;-440.0;-420.0;-400.0;-380.0;-360.0;-340.0;-320.0;-300.0;-240.0;-220.0;-180.0;-160.0;-140.0;-120.0;-100.0;-80.0;-60.0;-40.0;-20.0;0.0;20.0;40.0;60.0;120.0;140.0;180.0;240.0;260.0;280.0;300.0;320.0;340.0;360.0;380.0;400.0;420.0;480.0;500.0;540.0
1.581717;1.534484;1.116979;1.139378;1.549457;-1.556742;-0.619899;0.693831;0.996365;-0.108971;-0.501494;-0.674555;-0.705475;-3.348069;-3.348069;1.581717;1.534484;1.116979;1.139378;1.549457;-1.556742;-0.619899;0.693831;0.996365;-0.108971;-0.501494;-0.674555;-0.705475;-3.348069;-3.348069;1.581717;1.534484;1.549457;-1.556742;-0.619899;0.693831;0.996365;-0.108971;-0.501494;-0.674555;-0.705475;-3.348069;-3.348069;1.581717
-560.0;-540.0;-520.0;-500.0;-480.0;-460.0;-440.0;-420.0;-400.0;-380.0;-360.0;-340.0;-320.0;-300.0;-240.0;-220.0;-200.0;-180.0;-160.0;-140.0;-120.0;-100.0;-80.0;-60.0;-40.0;-20.0;0.0;20.0;40.0;60.0;120.0;140.0;160.0;180.0;240.0;260.0;280.0;300.0;320.0;340.0;360.0;380.0;400.0;420.0;480.0;500.0;520.0;540.0
0.950133;1.211701;1.350858;0.837846;0.592812;1.147719;-1.270843;-0.696965;-0.838245;0.075193;0.10654;-0.188388;-0.750696;-1.246875;-3.348069;-1.269889;0.950133;1.211701;1.350858;0.837846;0.592812;1.147719;-1.270843;-0.696965;-0.838245;0.075193;0.10654;-0.188388;-0.750696;-1.246875;-3.348069;-1.269889;0.950133;1.211701;1.350858;1.147719;-1.270843;-0.696965;-0.838245;0.075193;0.10654;-0.188388;-0.750696;-1.246875;-3.348069;-1.269889;0.950133;1.211701
-560.0;-540.0;-520.0;-500.0;-480.0;-440.0;-420.0;-400.0;-380.0;-360.0;-340.0;-220.0;-200.0;-180.0;-160.0;-140.0;-120.0;-80.0;-60.0;-40.0;-20.0;0.0;20.0;140.0;160.0;180.0;240.0;280.0;300.0;320.0;340.0;360.0;380.0;500.0;520.0;540.0
0.817511;0.290442;0.046905;-0.645982;-0.645982;-0.984945;-0.774031;-1.880421;-0.453264;-0.194072;-0.256502;0.613968;0.817511;0.290442;0.046905;-0.645982;-0.645982;-0.984945;-0.774031;-1.880421;-0.453264;-0.194072;-0.256502;0.613968;0.817511;0.290442;0.046905;-0.984945;-0.774031;-1.880421;-0.453264;-0.194072;-0.256502;0.613968;0.817511;0.290442
-560.0;-540.0;-520.0;-500.0;-400.0;-380.0;-360.0;-340.0;-220.0;-200.0;-180.0;-160.0;-140.0;-40.0;-20.0;0.0;20.0;140.0;160.0;180.0;240.0;320.0;340.0;360.0;380.0;500.0;520.0;540.0
-0.664283;-1.301172;-1.788952;-1.530229;-1.250237;-0.976462;-0.874965;-0.922152;-0.644534;-0.664283;-1.301172;-1.788952;-1.530229;-1.250237;-0.976462;-0.874965;-0.922152;-0.644534;-0.664283;-1.301172;-1.788952;-1.250237;-0.976462;-0.874965;-0.922152;-0.644534;-0.664283;-1.301172
-560.0;-540.0;-520.0;-500.0;-400.0;-380.0;-220.0;-200.0;-180.0;-160.0;-140.0;-40.0;-20.0;140.0;160.0;180.0;240.0;320.0;340.0;500.0;520.0;540.0
-0.98428;0.099454;0.398483;-1.530229;-1.599854;-1.599854;-1.708712;-0.98428;0.099454;0.398483;-1.530229;-1.599854;-1.599854;-1.708712;-0.98428;0.099454;0.398483;-1.599854;-1.599854;-1.708712;-0.98428;0.099454
-560.0;-540.0;-520.0;-200.0;-180.0;-160.0;160.0;180.0;240.0;520.0;540.0
-0.033615;0.253544;0.540704;-0.033615;0.253544;0.540704;-0.033615;0.253544;0.540704;-0.033615;0.253544
-560.0;-540.0;-520.0;-500.0;-240.0;-220.0;-200.0;-180.0;-160.0;-140.0;120.0;140.0;160.0;180.0;240.0;480.0;500.0;520.0;540.0
-0.256726;-0.246123;0.008253;-0.349099;-0.02689;-0.012213;-0.256726;-0.246123;0.008253;-0.349099;-0.02689;-0.012213;-0.256726;-0.246123;0.008253;-0.02689;-0.012213;-0.256726;-0.246123
-560.0;-540.0;-520.0;-500.0;-420.0;-400.0;-340.0;-320.0;-300.0;-280.0;-260.0;-240.0;-220.0;-200.0;-180.0;-160.0;-140.0;-60.0;-40.0;20.0;40.0;60.0;80.0;100.0;120.0;140.0;160.0;180.0;240.0;300.0;320.0;380.0;400.0;420.0;440.0;460.0;480.0;500.0;520.0;540.0
-0.349627;-0.399631;-0.293934;-0.725535;-1.378354;-1.378354;0.614513;0.614513;0.450636;0.450636;0.301618;0.247734;-0.11541;-0.349627;-0.399631;-0.293934;-0.725535;-1.378354;-1.378354;0.614513;0.614513;0.450636;0.450636;0.301618;0.247734;-0.11541;-0.349627;-0.399631;-0.293934;-1.378354;-1.378354;0.614513;0.614513;0.450636;0.450636;0.301618;0.247734;-0.11541;-0.349627;-0.399631
-560.0;-540.0;-520.0;-500.0;-460.0;-440.0;-420.0;-400.0;-380.0;-360.0;-340.0;-320.0;-300.0;-280.0;-260.0;-240.0;-220.0;-200.0;-180.0;-160.0;-140.0;-100.0;-80.0;-60.0;-40.0;-20.0;0.0;20.0;40.0;60.0;80.0;100.0;120.0;140.0;160.0;180.0;240.0;260.0;280.0;300.0;320.0;340.0;360.0;380.0;400.0;420.0;440.0;460.0;480.0;500.0;520.0;540.0
-0.292975;-0.425873;-0.413769;-0.913753;-0.857314;-0.820714;-1.081234;-0.330096;-0.355241;-0.408672;-0.173406;-0.331382;-0.108745;0.084738;0.019706;0.005819;-0.106167;-0.292975;-0.425873;-0.413769;-0.913753;-0.857314;-0.820714;-1.081234;-0.330096;-0.355241;-0.408672;-0.173406;-0.331382;-0.108745;0.084738;0.019706;0.005819;-0.106167;-0.292975;-0.425873;-0.413769;-0.857314;-0.820714;-1.081234;-0.330096;-0.355241;-0.408672;-0.173406;-0.331382;-0.108745;0.084738;0.019706;0.005819;-0.106167;-0.292975;-0.425873
-560.0;-540.0;-520.0;-500.0;-480.0;-460.0;-440.0;-420.0;-400.0;-380.0;-360.0;-340.0;-320.0;-300.0;-280.0;-260.0;-240.0;-220.0;-200.0;-180.0;-160.0;-140.0;-120.0;-100.0;-80.0;-60.0;-40.0;-20.0;0.0;20.0;40.0;60.0;80.0;100.0;120.0;140.0;160.0;180.0;240.0;260.0;280.0;300.0;320.0;340.0;360.0;380.0;400.0;420.0;440.0;460.0;480.0;500.0;520.0;540.0
-0.283407;-0.432035;-0.498766;-0.407629;-0.173259;-0.857314;-1.347597;-1.432696;-0.434944;-0.475162;-0.506693;-0.33952;-0.226223;-0.16115;-0.129419;-0.240181;-0.304793;-0.279795;-0.283407;-0.432035;-0.498766;-0.407629;-0.173259;-0.857314;-1.347597;-1.432696;-0.434944;-0.475162;-0.506693;-0.33952;-0.226223;-0.16115;-0.129419;-0.240181;-0.304793;-0.279795;-0.283407;-0.432035;-0.498766;-0.857314;-1.347597;-1.432696;-0.434944;-0.475162;-0.506693;-0.33952;-0.226223;-0.16115;-0.129419;-0.240181;-0.304793;-0.279795;-0.283407;-0.432035
-560.0;-540.0;-520.0;-500.0;-480.0;-440.0;-420.0;-400.0;-380.0;-360.0;-340.0;-320.0;-300.0;-280.0;-260.0;-240.0;-220.0;-200.0;-180.0;-160.0;-140.0;-120.0;-80.0;-60.0;-40.0;-20.0;0.0;20.0;40.0;60.0;80.0;100.0;120.0;140.0;160.0;180.0;240.0;280.0;300.0;320.0;340.0;360.0;380.0;400.0;420.0;440.0;460.0;480.0;500.0;520.0;540.0
0.021533;0.268257;-0.020293;0.020234;-0.165184;-0.744927;-0.457355;-0.224663;-0.330309;-0.407115;-0.415461;-0.225672;0.358415;0.284004;-0.083641;-0.33441;-0.317015;0.021533;0.268257;-0.020293;0.020234;-0.165184;-0.744927;-0.457355;-0.224663;-0.330309;-0.407115;-0.415461;-0.225672;0.358415;0.284004;-0.083641;-0.33441;-0.317015;0.021533;0.268257;-0.020293;-0.744927;-0.457355;-0.224663;-0.330309;-0.407115;-0.415461;-0.225672;0.358415;0.284004;-0.083641;-0.33441;-0.317015;0.021533;0.268257
-560.0;-540.0;-520.0;-500.0;-480.0;-440.0;-420.0;-400.0;-380.0;-360.0;-340.0;-320.0;-300.0;-280.0;-260.0;-240.0;-220.0;-200.0;-180.0;-160.0;-140.0;-120.0;-80.0;-60.0;-40.0;-20.0;0.0;20.0;40.0;60.0;80.0;100.0;120.0;140.0;160.0;180.0;240.0;280.0;300.0;320.0;340.0;360.0;380.0;400.0;420.0;440.0;460.0;480.0;500.0;520.0;540.0
0.477298;0.678045;0.831095;0.448098;-0.15711;-0.184413;0.32716;0.335301;0.128618;-0.222515;-0.363781;-0.290856;0.365724;0.575741;0.197366;0.009962;0.190579;0.477298;0.678045;0.831095;0.448098;-0.15711;-0.184413;0.32716;0.335301;0.128618;-0.222515;-0.363781;-0.290856;0.365724;0.575741;0.197366;0.009962;0.190579;0.477298;0.678045;0.831095;-0.184413;0.32716;0.335301;0.128618;-0.222515;-0.363781;-0.290856;0.365724;0.575741;0.197366;0.009962;0.190579;0.477298;0.678045
-560.0;-540.0;-520.0;-440.0;-420.0;-400.0;-380.0;-360.0;-340.0;-320.0;-300.0;-280.0;-260.0;-240.0;-220.0;-200.0;-180.0;-160.0;-80.0;-60.0;-40.0;-20.0;0.0;20.0;40.0;60.0;80.0;100.0;120.0;140.0;160.0;180.0;240.0;280.0;300.0;320.0;340.0;360.0;380.0;400.0;420.0;440.0;460.0;480.0;500.0;520.0;540.0
0.516298;0.54828;1.76338;-0.010747;0.210403;0.26195;0.271235;0.073545;0.841805;1.794744;0.440324;0.581727;-0.308814;0.252084;0.425339;0.516298;0.54828;1.76338;-0.010747;0.210403;0.26195;0.271235;0.073545;0.841805;1.794744;0.440324;0.581727;-0.308814;0.252084;0.425339;0.516298;0.54828;1.76338;-0.010747;0.210403;0.26195;0.271235;0.073545;0.841805;1.794744;0.440324;0.581727;-0.308814;0.252084;0.425339;0.516298;0.54828
-560.0;-440.0;-420.0;-400.0;-380.0;-360.0;-260.0;-240.0;-220.0;-200.0;-80.0;-60.0;-40.0;-20.0;0.0;100.0;120.0;140.0;160.0;280.0;300.0;320.0;340.0;360.0;460.0;480.0;500.0
0.164255;-0.033208;-0.011881;0.057135;0.173484;0.38252;-1.453648;-0.001587;0.080068;0.164255;-0.033208;-0.011881;0.057135;0.173484;0.38252;-1.453648;-0.001587;0.080068;0.164255;-0.033208;-0.011881;0.057135;0.173484;0.38252;-1.453648;-0.001587;0.080068
-560.0;-420.0;-400.0;-240.0;-220.0;-200.0;-60.0;-40.0;120.0;140.0;160.0;300.0;320.0;480.0;500.0
-0.529442;1.582856;1.582856;0.03944;-0.245001;-0.529442;1.582856;1.582856;0.03944;-0.245001;-0.529442;1.582856;1.582856;0.03944;-0.245001
-500.0;-480.0;-460.0;-360.0;-340.0;-320.0;-300.0;-140.0;-120.0;-100.0;0.0;20.0;40.0;60.0;220.0;240.0;260.0;360.0;380.0;400.0
1.352033;1.819579;2.75467;-1.586747;-0.996614;-0.571389;-0.377584;1.352033;1.819579;2.75467;-1.586747;-0.996614;-0.571389;-0.377584;1.352033;1.819579;2.75467;-1.586747;-0.996614;-0.571389
-540.0;-520.0;-500.0;-480.0;-460.0;-440.0;-420.0;-400.0;-380.0;-360.0;-340.0;-320.0;-300.0;-240.0;-220.0;-180.0;-160.0;-140.0;-120.0;-100.0;-80.0;-60.0;-40.0;-20.0;0.0;20.0;40.0;60.0;120.0;140.0;180.0;240.0;260.0;280.0;300.0;320.0;340.0;360.0;380.0;400.0;420.0;480.0;500.0;540.0
1.581717;1.534484;1.116979;1.139378;1.549457;-1.556742;-0.619899;0.693831;0.996365;-0.108971;-0.501494;-0.674555;-0.705475;-3.348069;-3.348069;1.581717;1.534484;1.116979;1.139378;1.549457;-1.556742;-0.619899;0.693831;0.996365;-0.108971;-0.501494;-0.674555;-0.705475;-3.348069;-3.348069;1.581717;1.534484;1.549457;-1.556742;-0.619899;0.693831;0.996365;-0.108971;-0.501494;-0.674555;-0.705475;-3.348069;-3.348069;1.581717
-560.0;-540.0;-520.0;-500.0;-480.0;-460.0;-440.0;-420.0;-400.0;-380.0;-360.0;-340.0;-320.0;-300.0;-240.0;-220.0;-200.0;-180.0;-160.0;-140.0;-120.0;-100.0;-80.0;-60.0;-40.0;-20.0;0.0;20.0;40.0;60.0;120.0;140.0;160.0;180.0;240.0;260.0;280.0;300.0;320.0;340.0;360.0;380.0;400.0;420.0;480.0;500.0;520.0;540.0
0.950133;1.211701;1.350858;0.837846;0.592812;1.147719;-1.270843;-0.696965;-0.838245;0.075193;0.10654;-0.188388;-0.750696;-1.246875;-3.348069;-1.269889;0.950133;1.211701;1.350858;0.837846;0.592812;1.147719;-1.270843;-0.696965;-0.838245;0.075193;0.10654;-0.188388;-0.750696;-1.246875;-3.348069;-1.269889;0.950133;1.211701;1.350858;1.147719;-1.270843;-0.696965;-0.838245;0.075193;0.10654;-0.188388;-0.750696;-1.246875;-3.348069;-1.269889;0.950133;1.211701
-560.0;-540.0;-520.0;-500.0;-480.0;-440.0;-420.0;-400.0;-380.0;-360.0;-340.0;-220.0;-200.0;-180.0;-160.0;-140.0;-120.0;-80.0;-60.0;-40.0;-20.0;0.0;20.0;140.0;160.0;180.0;240.0;280.0;300.0;320.0;340.0;360.0;380.0;500.0;520.0;540.0
0.817511;0.290442;0.046905;-0.645982;-0.645982;-0.984945;-0.774031;-1.880421;-0.453264;-0.194072;-0.256502;0.613968;0.817511;0.290442;0.046905;-0.645982;-0.645982;-0.984945;-0.774031;-1.880421;-0.453264;-0.194072;-0.256502;0.613968;0.817511;0.290442;0.046905;-0.984945;-0.774031;-1.880421;-0.453264;-0.194072;-0.256502;0.613968;0.817511;0.290442
-560.0;-540.0;-520.0;-500.0;-400.0;-380.0;-360.0;-340.0;-220.0;-200.0;-180.0;-160.0;-140.0;-40.0;-20.0;0.0;20.0;140.0;160.0;180.0;240.0;320.0;340.0;360.0;380.0;500.0;520.0;540.0
-0.664283;-1.301172;-1.788952;-1.530229;-1.250237;-0.976462;-0.874965;-0.922152;-0.644534;-0.664283;-1.301172;-1.788952;-1.530229;-1.250237;-0.976462;-0.874965;-0.922152;-0.644534;-0.664283;-1.301172;-1.788952;-1.250237;-0.976462;-0.874965;-0.922152;-0.644534;-0.664283;-1.301172
-560.0;-540.0;-520.0;-500.0;-400.0;-380.0;-220.0;-200.0;-180.0;-160.0;-140.0;-40.0;-20.0;140.0;160.0;180.0;240.0;320.0;340.0;500.0;520.0;540.0
-0.98428;0.099454;0.398483;-1.530229;-1.599854;-1.599854;-1.708712;-0.98428;0.099454;0.398483;-1.530229;-1.599854;-1.599854;-1.708712;-0.98428;0.099454;0.398483;-1.599854;-1.599854;-1.708712;-0.98428;0.099454
-560.0;-540.0;-520.0;-200.0;-180.0;-160.0;160.0;180.0;240.0;520.0;540.0
-0.033615;0.253544;0.540704;-0.033615;0.253544;0.540704;-0.033615;0.253544;0.540704;-0.033615;0.253544
-560.0;-540.0;-520.0;-500.0;-240.0;-220.0;-200.0;-180.0;-160.0;-140.0;120.0;140.0;160.0;180.0;240.0;480.0;500.0;520.0;540.0
-0.256726;-0.246123;0.008253;-0.349099;-0.02689;-0.012213;-0.256726;-0.246123;0.008253;-0.349099;-0.02689;-0.012213;-0.256726;-0.246123;0.008253;-0.02689;-0.012213;-0.256726;-0.246123
-560.0;-540.0;-520.0;-500.0;-420.0;-400.0;-340.0;-320.0;-300.0;-280.0;-260.0;-240.0;-220.0;-200.0;-180.0;-160.0;-140.0;-60.0;-40.0;20.0;40.0;60.0;80.0;100.0;120.0;140.0;160.0;180.0;240.0;300.0;320.0;380.0;400.0;420.0;440.0;460.0;480.0;500.0;520.0;540.0
-0.349627;-0.399631;-0.293934;-0.725535;-1.378354;-1.378354;0.614513;0.614513;0.450636;0.450636;0.301618;0.247734;-0.11541;-0.349627;-0.399631;-0.293934;-0.725535;-1.378354;-1.378354;0.614513;0.614513;0.450636;0.450636;0.301618;0.247734;-0.11541;-0.349627;-0.399631;-0.293934;-1.378354;-1.378354;0.614513;0.614513;0.450636;0.450636;0.301618;0.247734;-0.11541;-0.349627;-0.399631
