CO phi aa
-0.380051155895
-0.0910785;-0.502116625;-0.145995545455;-0.244039545455;-0.217558;0.223933058824;0.777529666667;-0.491165571429;-0.3061045;-1.10331444444;-0.246699111111;-0.1976718;-0.8382215;-0.4509739;-0.197995363636;-0.238669416667;-0.444448111111;-1.11575355556;-0.491908909091;-1.27877144444
N/A
A;C;D;E;F;G;H;I;K;L;M;N;P;Q;R;S;T;V;W;Y
-160.0;-360.0;-360.0;-360.0;-360.0;-360.0;-360.0;-360.0;-360.0;-360.0;-360.0;-360.0;-360.0;200.0;0.0;0.0;0.0;0.0;0.0;0.0;0.0;0.0;0.0;0.0;0.0;0.0;560.0;360.0;360.0;360.0;360.0;360.0;360.0;360.0;360.0;360.0;360.0;360.0;360.0
-0.720053;-0.659176;-0.720053;-0.979738;-0.811005;0.049433;0.511296;0.538136;0.570457;0.0;0.0;0.0;-0.280963;-0.720053;-0.659176;-0.720053;-0.979738;-0.811005;0.049433;0.511296;0.538136;0.570457;0.0;0.0;0.0;-0.280963;-0.720053;-0.659176;-0.720053;-0.979738;-0.811005;0.049433;0.511296;0.538136;0.570457;0.0;0.0;0.0;-0.280963
-300.0;-360.0;-360.0;-360.0;-360.0;-360.0;-360.0;-360.0;60.0;0.0;0.0;0.0;0.0;0.0;0.0;0.0;420.0;360.0;360.0;360.0;360.0;360.0;360.0;360.0
-1.044207;0.0;0.0;-0.197592;-0.219484;-0.451849;-0.535829;-0.436733;-1.044207;0.0;0.0;-0.197592;-0.219484;-0.451849;-0.535829;-0.436733;-1.044207;0.0;0.0;-0.197592;-0.219484;-0.451849;-0.535829;-0.436733
-160.0;-360.0;-360.0;-360.0;-360.0;-360.0;-360.0;-360.0;-360.0;-360.0;-360.0;-360.0;200.0;0.0;0.0;0.0;0.0;0.0;0.0;0.0;0.0;0.0;0.0;0.0;560.0;360.0;360.0;360.0;360.0;360.0;360.0;360.0;360.0;360.0;360.0;360.0
-0.497918;0.443849;-0.497918;-0.523134;0.095286;0.585307;0.505322;0.552338;1.1237;0.0;0.0;0.0;-0.497918;0.443849;-0.497918;-0.523134;0.095286;0.585307;0.505322;0.552338;1.1237;0.0;0.0;0.0;-0.497918;0.443849;-0.497918;-0.523134;0.095286;0.585307;0.505322;0.552338;1.1237;0.0;0.0;0.0
-160.0;-360.0;-360.0;-360.0;-360.0;-360.0;-360.0;-360.0;-360.0;-360.0;-360.0;-360.0;200.0;0.0;0.0;0.0;0.0;0.0;0.0;0.0;0.0;0.0;0.0;0.0;560.0;360.0;360.0;360.0;360.0;360.0;360.0;360.0;360.0;360.0;360.0;360.0
-0.994417;0.263504;-0.994417;-0.824178;-0.230408;-0.161079;0.539527;0.802956;1.103656;0.0;0.0;0.0;-0.994417;0.263504;-0.994417;-0.824178;-0.230408;-0.161079;0.539527;0.802956;1.103656;0.0;0.0;0.0;-0.994417;0.263504;-0.994417;-0.824178;-0.230408;-0.161079;0.539527;0.802956;1.103656;0.0;0.0;0.0
-160.0;-360.0;-360.0;-360.0;-360.0;-360.0;-360.0;-360.0;200.0;0.0;0.0;0.0;0.0;0.0;0.0;0.0;560.0;360.0;360.0;360.0;360.0;360.0;360.0;360.0
-1.284825;0.0;-1.284825;-0.79982;-0.136131;0.463361;0.179845;-0.125997;-1.284825;0.0;-1.284825;-0.79982;-0.136131;0.463361;0.179845;-0.125997;-1.284825;0.0;-1.284825;-0.79982;-0.136131;0.463361;0.179845;-0.125997
-560.0;-160.0;-360.0;-360.0;-360.0;-360.0;-360.0;-360.0;-360.0;-360.0;-360.0;-360.0;-360.0;-360.0;-360.0;-360.0;-360.0;-360.0;-360.0;-200.0;200.0;0.0;0.0;0.0;0.0;0.0;0.0;0.0;0.0;0.0;0.0;0.0;0.0;0.0;0.0;0.0;0.0;0.0;160.0;560.0;360.0;360.0;360.0;360.0;360.0;360.0;360.0;360.0;360.0;360.0;360.0;360.0;360.0;360.0;360.0;360.0;360.0
-0.808295;-0.003483;-0.003483;-0.685652;-0.177279;0.52975;0.519257;0.293653;0.177842;0.0;0.0;1.578055;0.008999;0.412512;0.341406;0.307268;0.802923;0.232834;-0.808295;-0.808295;-0.003483;-0.003483;-0.685652;-0.177279;0.52975;0.519257;0.293653;0.177842;0.0;0.0;1.578055;0.008999;0.412512;0.341406;0.307268;0.802923;0.232834;-0.808295;-0.808295;-0.003483;-0.003483;-0.685652;-0.177279;0.52975;0.519257;0.293653;0.177842;0.0;0.0;1.578055;0.008999;0.412512;0.341406;0.307268;0.802923;0.232834;-0.808295
-160.0;-360.0;-360.0;-360.0;-360.0;-360.0;-360.0;-360.0;-360.0;-360.0;200.0;0.0;0.0;0.0;0.0;0.0;0.0;0.0;0.0;0.0;560.0;360.0;360.0;360.0;360.0;360.0;360.0;360.0;360.0;360.0
-0.02896;0.622435;-0.02896;-0.360917;0.141407;1.34274;1.682017;1.700508;1.276102;0.0;-0.02896;0.622435;-0.02896;-0.360917;0.141407;1.34274;1.682017;1.700508;1.276102;0.0;-0.02896;0.622435;-0.02896;-0.360917;0.141407;1.34274;1.682017;1.700508;1.276102;0.0
-160.0;-360.0;-360.0;-360.0;-360.0;-360.0;-360.0;-360.0;200.0;0.0;0.0;0.0;0.0;0.0;0.0;0.0;560.0;360.0;360.0;360.0;360.0;360.0;360.0;360.0
-1.499965;0.0;-1.499965;-0.854845;-0.468007;-0.289128;-0.040653;0.03223;-1.499965;0.0;-1.499965;-0.854845;-0.468007;-0.289128;-0.040653;0.03223;-1.499965;0.0;-1.499965;-0.854845;-0.468007;-0.289128;-0.040653;0.03223
-160.0;-360.0;-360.0;-360.0;-360.0;-360.0;-360.0;-360.0;-360.0;-360.0;-360.0;-360.0;-360.0;200.0;0.0;0.0;0.0;0.0;0.0;0.0;0.0;0.0;0.0;0.0;0.0;0.0;560.0;360.0;360.0;360.0;360.0;360.0;360.0;360.0;360.0;360.0;360.0;360.0;360.0
-0.601938;-1.459029;-0.601938;0.049746;-0.076919;0.29326;0.802881;0.720594;0.295007;0.0;0.0;0.0;-1.567657;-0.601938;-1.459029;-0.601938;0.049746;-0.076919;0.29326;0.802881;0.720594;0.295007;0.0;0.0;0.0;-1.567657;-0.601938;-1.459029;-0.601938;0.049746;-0.076919;0.29326;0.802881;0.720594;0.295007;0.0;0.0;0.0;-1.567657
-160.0;-360.0;-360.0;-360.0;-360.0;-360.0;-360.0;-360.0;-360.0;-360.0;200.0;0.0;0.0;0.0;0.0;0.0;0.0;0.0;0.0;0.0;560.0;360.0;360.0;360.0;360.0;360.0;360.0;360.0;360.0;360.0
-2.114989;0.0;-2.114989;-0.894126;-0.734535;-0.664712;-0.262643;-0.037528;0.121275;0.0;-2.114989;0.0;-2.114989;-0.894126;-0.734535;-0.664712;-0.262643;-0.037528;0.121275;0.0;-2.114989;0.0;-2.114989;-0.894126;-0.734535;-0.664712;-0.262643;-0.037528;0.121275;0.0
-160.0;-360.0;-360.0;-360.0;-360.0;-360.0;-360.0;-360.0;-360.0;-360.0;200.0;0.0;0.0;0.0;0.0;0.0;0.0;0.0;0.0;0.0;560.0;360.0;360.0;360.0;360.0;360.0;360.0;360.0;360.0;360.0
-1.228595;-0.863808;-1.228595;-0.794691;-0.203081;0.195091;0.447797;0.479433;0.61137;0.0;-1.228595;-0.863808;-1.228595;-0.794691;-0.203081;0.195091;0.447797;0.479433;0.61137;0.0;-1.228595;-0.863808;-1.228595;-0.794691;-0.203081;0.195091;0.447797;0.479433;0.61137;0.0
-160.0;-360.0;-360.0;-360.0;-360.0;-360.0;-360.0;-360.0;-360.0;-360.0;-360.0;200.0;0.0;0.0;0.0;0.0;0.0;0.0;0.0;0.0;0.0;0.0;560.0;360.0;360.0;360.0;360.0;360.0;360.0;360.0;360.0;360.0;360.0
-0.311633;0.0;-0.311633;-0.416648;-0.322534;0.236234;0.361601;0.194408;-0.033132;0.0;0.0;-0.311633;0.0;-0.311633;-0.416648;-0.322534;0.236234;0.361601;0.194408;-0.033132;0.0;0.0;-0.311633;0.0;-0.311633;-0.416648;-0.322534;0.236234;0.361601;0.194408;-0.033132;0.0;0.0
-400.0;-360.0;-360.0;-360.0;-40.0;0.0;0.0;0.0;320.0;360.0;360.0;360.0
-0.817778;0.0;0.0;0.0;-0.817778;0.0;0.0;0.0;-0.817778;0.0;0.0;0.0
-160.0;-360.0;-360.0;-360.0;-360.0;-360.0;-360.0;-360.0;-360.0;-360.0;-360.0;200.0;0.0;0.0;0.0;0.0;0.0;0.0;0.0;0.0;0.0;0.0;560.0;360.0;360.0;360.0;360.0;360.0;360.0;360.0;360.0;360.0;360.0
-1.339538;0.0;-1.339538;-0.651666;-0.064626;0.058324;0.427816;0.917907;1.836294;0.0;0.0;-1.339538;0.0;-1.339538;-0.651666;-0.064626;0.058324;0.427816;0.917907;1.836294;0.0;0.0;-1.339538;0.0;-1.339538;-0.651666;-0.064626;0.058324;0.427816;0.917907;1.836294;0.0;0.0
-160.0;-360.0;-360.0;-360.0;-360.0;-360.0;-360.0;-360.0;-360.0;-360.0;-360.0;-360.0;200.0;0.0;0.0;0.0;0.0;0.0;0.0;0.0;0.0;0.0;0.0;0.0;560.0;360.0;360.0;360.0;360.0;360.0;360.0;360.0;360.0;360.0;360.0;360.0
-0.987267;-1.555419;-0.987267;-0.823797;-0.196674;0.456118;0.640127;0.768604;0.46045;0.0;0.0;0.0;-0.987267;-1.555419;-0.987267;-0.823797;-0.196674;0.456118;0.640127;0.768604;0.46045;0.0;0.0;0.0;-0.987267;-1.555419;-0.987267;-0.823797;-0.196674;0.456118;0.640127;0.768604;0.46045;0.0;0.0;0.0
-160.0;-360.0;-360.0;-360.0;-360.0;-360.0;-360.0;-360.0;-360.0;-360.0;-360.0;-360.0;-360.0;200.0;0.0;0.0;0.0;0.0;0.0;0.0;0.0;0.0;0.0;0.0;0.0;0.0;560.0;360.0;360.0;360.0;360.0;360.0;360.0;360.0;360.0;360.0;360.0;360.0;360.0
0.435031;2.709341;0.435031;-0.217826;-0.121055;-0.001723;0.036714;0.147332;0.42224;0.0;0.0;0.0;-2.13078;0.435031;2.709341;0.435031;-0.217826;-0.121055;-0.001723;0.036714;0.147332;0.42224;0.0;0.0;0.0;-2.13078;0.435031;2.709341;0.435031;-0.217826;-0.121055;-0.001723;0.036714;0.147332;0.42224;0.0;0.0;0.0;-2.13078
-160.0;-360.0;-360.0;-360.0;-360.0;-360.0;-360.0;-360.0;-360.0;-360.0;200.0;0.0;0.0;0.0;0.0;0.0;0.0;0.0;0.0;0.0;560.0;360.0;360.0;360.0;360.0;360.0;360.0;360.0;360.0;360.0
-0.758232;-1.366219;-0.758232;-0.447663;-0.252682;0.438205;0.410713;-0.099328;-0.558608;0.0;-0.758232;-1.366219;-0.758232;-0.447663;-0.252682;0.438205;0.410713;-0.099328;-0.558608;0.0;-0.758232;-1.366219;-0.758232;-0.447663;-0.252682;0.438205;0.410713;-0.099328;-0.558608;0.0
-160.0;-360.0;-360.0;-360.0;-360.0;-360.0;-360.0;-360.0;-360.0;-360.0;200.0;0.0;0.0;0.0;0.0;0.0;0.0;0.0;0.0;0.0;560.0;360.0;360.0;360.0;360.0;360.0;360.0;360.0;360.0;360.0
-2.280134;-3.956361;-2.280134;-0.586648;-0.244599;0.088429;0.31491;0.283167;0.295815;0.0;-2.280134;-3.956361;-2.280134;-0.586648;-0.244599;0.088429;0.31491;0.283167;0.295815;0.0;-2.280134;-3.956361;-2.280134;-0.586648;-0.244599;0.088429;0.31491;0.283167;0.295815;0.0
-160.0;-360.0;-360.0;-360.0;-360.0;-360.0;-360.0;-360.0;-360.0;-360.0;-360.0;-360.0;200.0;0.0;0.0;0.0;0.0;0.0;0.0;0.0;0.0;0.0;0.0;0.0;560.0;360.0;360.0;360.0;360.0;360.0;360.0;360.0;360.0;360.0;360.0;360.0
-1.236251;-1.236251;-1.236251;-0.63911;-0.163129;0.551393;0.63603;0.40876;0.371281;0.0;0.0;0.0;-1.236251;-1.236251;-1.236251;-0.63911;-0.163129;0.551393;0.63603;0.40876;0.371281;0.0;0.0;0.0;-1.236251;-1.236251;-1.236251;-0.63911;-0.163129;0.551393;0.63603;0.40876;0.371281;0.0;0.0;0.0
-160.0;-360.0;-360.0;-360.0;-360.0;-360.0;-360.0;-360.0;-360.0;-360.0;200.0;0.0;0.0;0.0;0.0;0.0;0.0;0.0;0.0;0.0;560.0;360.0;360.0;360.0;360.0;360.0;360.0;360.0;360.0;360.0
-0.959219;0.0;-0.959219;-0.347498;0.159758;0.189123;0.07346;0.818588;1.192037;0.0;-0.959219;0.0;-0.959219;-0.347498;0.159758;0.189123;0.07346;0.818588;1.192037;0.0;-0.959219;0.0;-0.959219;-0.347498;0.159758;0.189123;0.07346;0.818588;1.192037;0.0
