120.;240.;360.;?;ALA;GLY
-560.000000;-540.000000;-520.000000;-500.000000;-480.000000;-460.000000;-440.000000;-420.000000;-400.000000;-380.000000;-360.000000;-340.000000;-320.000000;-300.000000;-280.000000;-260.000000;-240.000000;-220.000000;-200.000000;-180.000000;-160.000000;-140.000000;-120.000000;-100.000000;-80.000000;-60.000000;-40.000000;-20.000000;0.000000;20.000000;40.000000;60.000000;80.000000;100.000000;120.000000;140.000000;160.000000;180.000000;200.000000;220.000000;240.000000;260.000000;280.000000;300.000000;320.000000;340.000000;360.000000;380.000000;400.000000;420.000000;440.000000;460.000000;480.000000;500.000000;520.000000;540.000000
0.022147;0.091096;0.580827;1.101590;-0.213502;-0.054651;0.325541;-0.209005;0.025820;0.087080;-0.007498;-0.434024;-0.712779;0.575856;0.627879;0.185944;0.298824;0.135801;0.022147;0.091096;0.580827;1.101590;-0.213502;-0.054651;0.325541;-0.209005;0.025820;0.087080;-0.007498;-0.434024;-0.712779;0.575856;0.627879;0.185944;0.298824;0.135801;0.022147;0.091096;0.580827;1.101590;-0.213502;-0.054651;0.325541;-0.209005;0.025820;0.087080;-0.007498;-0.434024;-0.712779;0.575856;0.627879;0.185944;0.298824;0.135801;0.022147;0.091096
-560.000000;-540.000000;-520.000000;-500.000000;-480.000000;-460.000000;-440.000000;-420.000000;-400.000000;-380.000000;-360.000000;-340.000000;-320.000000;-300.000000;-280.000000;-260.000000;-240.000000;-220.000000;-200.000000;-180.000000;-160.000000;-140.000000;-120.000000;-100.000000;-80.000000;-60.000000;-40.000000;-20.000000;0.000000;20.000000;40.000000;60.000000;80.000000;100.000000;120.000000;140.000000;160.000000;180.000000;200.000000;220.000000;240.000000;260.000000;280.000000;300.000000;320.000000;340.000000;360.000000;380.000000;400.000000;420.000000;440.000000;460.000000;480.000000;500.000000;520.000000;540.000000
-0.206115;-0.363811;1.621386;0.712820;-0.855605;-2.341446;0.072148;-0.371623;-0.351843;-0.386206;-0.515339;-0.533372;-1.195928;-0.860898;-0.735912;-0.365832;-0.181743;-0.140228;-0.206115;-0.363811;1.621386;0.712820;-0.855605;-2.341446;0.072148;-0.371623;-0.351843;-0.386206;-0.515339;-0.533372;-1.195928;-0.860898;-0.735912;-0.365832;-0.181743;-0.140228;-0.206115;-0.363811;1.621386;0.712820;-0.855605;-2.341446;0.072148;-0.371623;-0.351843;-0.386206;-0.515339;-0.533372;-1.195928;-0.860898;-0.735912;-0.365832;-0.181743;-0.140228;-0.206115;-0.363811
-560.000000;-540.000000;-520.000000;-500.000000;-480.000000;-460.000000;-440.000000;-420.000000;-400.000000;-380.000000;-360.000000;-340.000000;-320.000000;-300.000000;-280.000000;-260.000000;-240.000000;-220.000000;-200.000000;-180.000000;-160.000000;-140.000000;-120.000000;-100.000000;-80.000000;-60.000000;-40.000000;-20.000000;0.000000;20.000000;40.000000;60.000000;80.000000;100.000000;120.000000;140.000000;160.000000;180.000000;200.000000;220.000000;240.000000;260.000000;280.000000;300.000000;320.000000;340.000000;360.000000;380.000000;400.000000;420.000000;440.000000;460.000000;480.000000;500.000000;520.000000;540.000000
0.404339;0.602587;0.734820;0.705130;-0.311756;-0.864171;0.231936;0.234411;0.168719;0.059105;-0.050790;-0.160886;0.106870;0.760249;-0.115385;0.453078;0.445037;0.345508;0.404339;0.602587;0.734820;0.705130;-0.311756;-0.864171;0.231936;0.234411;0.168719;0.059105;-0.050790;-0.160886;0.106870;0.760249;-0.115385;0.453078;0.445037;0.345508;0.404339;0.602587;0.734820;0.705130;-0.311756;-0.864171;0.231936;0.234411;0.168719;0.059105;-0.050790;-0.160886;0.106870;0.760249;-0.115385;0.453078;0.445037;0.345508;0.404339;0.602587
-560.000000;-540.000000;-520.000000;-420.000000;-400.000000;-380.000000;-360.000000;-320.000000;-300.000000;-240.000000;-220.000000;-200.000000;-180.000000;-160.000000;-60.000000;-40.000000;-20.000000;0.000000;40.000000;60.000000;120.000000;140.000000;160.000000;180.000000;200.000000;300.000000;320.000000;340.000000;360.000000;400.000000;420.000000;480.000000;500.000000;520.000000;540.000000
1.108932;-3.235543;-3.235543;1.988597;1.988597;5.093494;5.093494;1.774428;1.774428;-3.291676;-1.091372;1.108932;-3.235543;-3.235543;1.988597;1.988597;5.093494;5.093494;1.774428;1.774428;-3.291676;-1.091372;1.108932;-3.235543;-3.235543;1.988597;1.988597;5.093494;5.093494;1.774428;1.774428;-3.291676;-1.091372;1.108932;-3.235543
-560.000000;-540.000000;-520.000000;-500.000000;-480.000000;-420.000000;-400.000000;-380.000000;-360.000000;-340.000000;-320.000000;-280.000000;-260.000000;-240.000000;-220.000000;-200.000000;-180.000000;-160.000000;-140.000000;-120.000000;-60.000000;-40.000000;-20.000000;0.000000;20.000000;40.000000;80.000000;100.000000;120.000000;140.000000;160.000000;180.000000;200.000000;220.000000;240.000000;300.000000;320.000000;340.000000;360.000000;380.000000;400.000000;440.000000;460.000000;480.000000;500.000000;520.000000;540.000000
-0.106437;-0.192202;0.746776;0.352905;0.352905;-0.621155;-0.516139;-0.492574;-0.262077;0.270799;0.042949;-0.355748;-0.784620;-0.568213;-0.186745;-0.106437;-0.192202;0.746776;0.352905;0.352905;-0.621155;-0.516139;-0.492574;-0.262077;0.270799;0.042949;-0.355748;-0.784620;-0.568213;-0.186745;-0.106437;-0.192202;0.746776;0.352905;0.352905;-0.621155;-0.516139;-0.492574;-0.262077;0.270799;0.042949;-0.355748;-0.784620;-0.568213;-0.186745;-0.106437;-0.192202
-560.000000;-540.000000;-520.000000;-500.000000;-420.000000;-400.000000;-380.000000;-360.000000;-340.000000;-320.000000;-300.000000;-280.000000;-260.000000;-240.000000;-220.000000;-200.000000;-180.000000;-160.000000;-140.000000;-60.000000;-40.000000;-20.000000;0.000000;20.000000;40.000000;60.000000;80.000000;100.000000;120.000000;140.000000;160.000000;180.000000;200.000000;220.000000;300.000000;320.000000;340.000000;360.000000;380.000000;400.000000;420.000000;440.000000;460.000000;480.000000;500.000000;520.000000;540.000000
-1.088797;-1.039224;-0.505555;-1.064822;-1.586584;-1.339919;-1.197940;-1.012397;-0.868845;-0.994499;-2.580487;-4.072167;-3.033609;-1.431837;-1.173951;-1.088797;-1.039224;-0.505555;-1.064822;-1.586584;-1.339919;-1.197940;-1.012397;-0.868845;-0.994499;-2.580487;-4.072167;-3.033609;-1.431837;-1.173951;-1.088797;-1.039224;-0.505555;-1.064822;-1.586584;-1.339919;-1.197940;-1.012397;-0.868845;-0.994499;-2.580487;-4.072167;-3.033609;-1.431837;-1.173951;-1.088797;-1.039224
