-180.000000;-160.000000;-140.000000;-120.000000;-100.000000;-80.000000;-60.000000;-40.000000;-20.000000;0.000000;20.000000;40.000000;60.000000;80.000000;100.000000;120.000000;140.000000;160.000000;180.000000
A;C;D;E;F;G;H;I;K;L;M;N;P;Q;R;S;T;V;W;Y
-0.659176;-0.720053;-0.979738;-0.811005;0.049433;0.511296;0.538136;0.570457;0.000000;0.000000;0.000000;-0.280963;0.355628;0.992219;0.000000;0.000000;0.000000;0.000000;-0.659176
0.000000;0.000000;-0.197592;-0.219484;-0.451849;-0.535829;-0.436733;-0.087032;0.000000;0.000000;0.000000;-1.044207;-1.044207;0.000000;0.000000;0.000000;0.000000;0.000000;0.000000
0.443849;-0.497918;-0.523134;0.095286;0.585307;0.505322;0.552338;1.123700;0.000000;0.000000;0.000000;-2.167275;-2.167275;0.000000;0.000000;0.000000;0.000000;0.000000;0.443849
0.263504;-0.994417;-0.824178;-0.230408;-0.161079;0.539527;0.802956;1.103656;0.000000;0.000000;0.000000;0.000000;-1.723750;-1.723750;0.000000;0.000000;0.000000;0.000000;0.263504
0.000000;-1.284825;-0.799820;-0.136131;0.463361;0.179845;-0.125997;0.180661;0.000000;0.000000;0.000000;0.000000;0.000000;0.000000;0.000000;0.000000;0.000000;0.000000;0.000000
0.138536;-0.003483;-0.685652;-0.177279;0.529750;0.519257;0.293653;0.177842;0.000000;0.000000;1.578055;0.008999;0.412512;0.341406;0.307268;0.802923;0.232834;-0.808295;0.138536
0.622435;-0.028960;-0.360917;0.141407;1.342740;1.682017;1.700508;1.276102;0.000000;0.000000;0.000000;0.000000;0.000000;0.000000;0.000000;0.000000;0.000000;0.000000;0.622435
0.000000;-1.499965;-0.854845;-0.468007;-0.289128;-0.040653;0.032230;-0.317791;0.000000;0.000000;0.000000;0.000000;0.000000;0.000000;0.000000;0.000000;0.000000;0.000000;0.000000
-1.459029;-0.601938;0.049746;-0.076919;0.293260;0.802881;0.720594;0.295007;0.000000;0.000000;0.000000;-1.567657;-0.745942;0.075772;0.000000;0.000000;0.000000;0.000000;-1.459029
0.000000;-2.114989;-0.894126;-0.734535;-0.664712;-0.262643;-0.037528;0.121275;0.000000;0.000000;0.000000;-2.671286;-2.671286;0.000000;0.000000;0.000000;0.000000;0.000000;0.000000
-0.863808;-1.228595;-0.794691;-0.203081;0.195091;0.447797;0.479433;0.611370;0.000000;0.000000;0.000000;0.000000;0.000000;0.000000;0.000000;0.000000;0.000000;0.000000;-0.863808
0.000000;-0.311633;-0.416648;-0.322534;0.236234;0.361601;0.194408;-0.033132;0.000000;0.000000;0.000000;-0.639340;-0.572767;-0.472907;0.000000;0.000000;0.000000;0.000000;0.000000
0.000000;0.000000;0.000000;0.000000;-1.382798;-0.606122;-0.546188;-0.817778;0.000000;0.000000;0.000000;0.000000;0.000000;0.000000;0.000000;0.000000;0.000000;0.000000;0.000000
0.000000;-1.339538;-0.651666;-0.064626;0.058324;0.427816;0.917907;1.836294;0.000000;0.000000;0.000000;-1.570618;-1.991645;-2.131987;0.000000;0.000000;0.000000;0.000000;0.000000
-1.555419;-0.987267;-0.823797;-0.196674;0.456118;0.640127;0.768604;0.460450;0.000000;0.000000;0.000000;0.000000;0.307664;0.307664;0.000000;0.000000;0.000000;0.000000;-1.555419
2.709341;0.435031;-0.217826;-0.121055;-0.001723;0.036714;0.147332;0.422240;0.000000;0.000000;0.000000;-2.130780;-2.130780;-4.721868;0.000000;0.000000;0.000000;0.000000;2.709341
-1.366219;-0.758232;-0.447663;-0.252682;0.438205;0.410713;-0.099328;-0.558608;0.000000;0.000000;0.000000;0.000000;0.000000;0.000000;0.000000;0.000000;0.000000;0.000000;-1.366219
-3.956361;-2.280134;-0.586648;-0.244599;0.088429;0.314910;0.283167;0.295815;0.000000;0.000000;0.000000;0.000000;0.000000;0.000000;0.000000;0.000000;0.000000;0.000000;-3.956361
-1.236251;-1.236251;-0.639110;-0.163129;0.551393;0.636030;0.408760;0.371281;0.000000;0.000000;0.000000;0.000000;-1.433735;-1.433735;0.000000;0.000000;0.000000;0.000000;-1.236251
0.000000;-0.959219;-0.347498;0.159758;0.189123;0.073460;0.818588;1.192037;0.000000;0.000000;0.000000;0.000000;0.000000;-6.317596;-6.317596;0.000000;0.000000;0.000000;0.000000
