HA psi obondm1
0.
N/A
N/A
N/A
N/A
Y;N
-1000.;1000
0.;0.
-560.0;-540.0;-520.0;-500.0;-480.0;-460.0;-440.0;-420.0;-400.0;-380.0;-360.0;-340.0;-320.0;-300.0;-280.0;-260.0;-240.0;-220.0;-200.0;-180.0;-160.0;-140.0;-120.0;-100.0;-80.0;-60.0;-40.0;-20.0;0.0;20.0;40.0;60.0;80.0;100.0;120.0;140.0;160.0;180.0;200.0;220.0;240.0;260.0;280.0;300.0;320.0;340.0;360.0;380.0;400.0;420.0;440.0;460.0;480.0;500.0;520.0;540.0;560.0
-0.108068;-0.088037;0.017708;0.118086;0.180578;0.091044;-0.036875;0.106483;0.118912;0.064856;0.00957;-0.014237;-0.084463;-0.106634;-0.11232;-0.180647;-0.167;-0.13305;-0.108068;-0.088037;0.017708;0.118086;0.180578;0.091044;-0.036875;0.106483;0.118912;0.064856;0.00957;-0.014237;-0.084463;-0.106634;-0.11232;-0.180647;-0.167;-0.13305;-0.108068;-0.088037;0.017708;0.118086;0.180578;0.091044;-0.036875;0.106483;0.118912;0.064856;0.00957;-0.014237;-0.084463;-0.106634;-0.11232;-0.180647;-0.167;-0.13305;-0.108068;-0.088037;0.017708
