HA phi+1 ha1bond
-0.151875587302
-0.252235785714;-0.0515153888889
N/A
N/A
N/A
Y;N
-560.0;-540.0;-520.0;-500.0;-480.0;-460.0;-440.0;-420.0;-400.0;-300.0;-280.0;-260.0;-240.0;-200.0;-180.0;-160.0;-140.0;-120.0;-100.0;-80.0;-60.0;-40.0;60.0;80.0;100.0;120.0;160.0;180.0;200.0;220.0;240.0;260.0;280.0;300.0;320.0;420.0;440.0;460.0;480.0;520.0;540.0;560.0
-0.181406;-0.268095;-0.312457;-0.21354;-0.198726;-0.248912;-0.208288;-0.202259;-0.278308;-0.363632;-0.361299;-0.286054;-0.14023;-0.181406;-0.268095;-0.312457;-0.21354;-0.198726;-0.248912;-0.208288;-0.202259;-0.278308;-0.363632;-0.361299;-0.286054;-0.14023;-0.181406;-0.268095;-0.312457;-0.21354;-0.198726;-0.248912;-0.208288;-0.202259;-0.278308;-0.363632;-0.361299;-0.286054;-0.14023;-0.181406;-0.268095;-0.312457
-560.0;-540.0;-520.0;-500.0;-480.0;-460.0;-440.0;-420.0;-400.0;-380.0;-340.0;-320.0;-300.0;-280.0;-260.0;-240.0;-220.0;-200.0;-180.0;-160.0;-140.0;-120.0;-100.0;-80.0;-60.0;-40.0;-20.0;20.0;40.0;60.0;80.0;100.0;120.0;140.0;160.0;180.0;200.0;220.0;240.0;260.0;280.0;300.0;320.0;340.0;380.0;400.0;420.0;440.0;460.0;480.0;500.0;520.0;540.0;560.0
0.003645;-0.007374;0.03838;0.047661;0.01381;-0.022275;-0.011547;-0.008113;-0.026293;-0.027385;-0.259568;-0.136635;-0.131873;-0.127896;-0.11462;-0.090665;-0.059155;0.003645;-0.007374;0.03838;0.047661;0.01381;-0.022275;-0.011547;-0.008113;-0.026293;-0.027385;-0.259568;-0.136635;-0.131873;-0.127896;-0.11462;-0.090665;-0.059155;0.003645;-0.007374;0.03838;0.047661;0.01381;-0.022275;-0.011547;-0.008113;-0.026293;-0.027385;-0.259568;-0.136635;-0.131873;-0.127896;-0.11462;-0.090665;-0.059155;0.003645;-0.007374;0.03838
