HA olenm1 psi
0.074074120443
0.00363564285714;0.0843578461538;0.127658;0.279034857143;0.23970425;0.180142666667;0.109665666667;0.00522953846154;0.0237359444444;0.00124038888889;0.0106373571429;0.0626256;0.077788;0.0383671428571;0.09752175;-0.0184361;0.0277468461538;-0.0107503571429;0.00363564285714;0.0843578461538;0.127658;0.279034857143;0.23970425;0.180142666667;0.109665666667;0.00522953846154;0.0237359444444;0.00124038888889;0.0106373571429;0.0626256;0.077788;0.0383671428571;0.09752175;-0.0184361;0.0277468461538;-0.0107503571429;0.00363564285714;0.0843578461538;0.127658;0.279034857143;0.23970425;0.180142666667;0.109665666667;0.00522953846154;0.0237359444444;0.00124038888889;0.0106373571429;0.0626256;0.077788;0.0383671428571;0.09752175;-0.0184361;0.0277468461538;-0.0107503571429;0.00363564285714;0.0843578461538;0.127658
N/A
0.046384
N/A
-560.0;-540.0;-520.0;-500.0;-480.0;-460.0;-440.0;-420.0;-400.0;-380.0;-360.0;-340.0;-320.0;-300.0;-280.0;-260.0;-240.0;-220.0;-200.0;-180.0;-160.0;-140.0;-120.0;-100.0;-80.0;-60.0;-40.0;-20.0;0.0;20.0;40.0;60.0;80.0;100.0;120.0;140.0;160.0;180.0;200.0;220.0;240.0;260.0;280.0;300.0;320.0;340.0;360.0;380.0;400.0;420.0;440.0;460.0;480.0;500.0;520.0;540.0;560.0
1.637684;1.730452;1.823221;1.915989;2.008757;2.101526;2.194294;2.287063;2.379831;2.472599;2.565368;2.658136;2.750905;3.02921
-0.293612;-0.043531;0.11017;0.064987;0.101639;0.102785;0.119079;0.071941;0.119686;0.014311;-0.177781;-0.18981;-0.031667;0.082702
1.730452;1.823221;1.915989;2.008757;2.101526;2.194294;2.287063;2.379831;2.472599;2.565368;2.658136;2.750905;3.02921
0.356061;-0.058421;0.072365;0.034584;0.300158;0.032878;0.128327;0.286565;0.170353;-0.088642;-0.130703;-0.089575;0.082702
1.823221;1.915989;2.008757;2.101526;2.194294;2.287063;2.472599;2.565368;2.658136;2.750905
-0.045545;-0.107024;-0.204379;0.305059;0.214365;0.239889;0.197312;0.139745;0.444987;0.092171
2.008757;2.101526;2.194294;2.287063;2.472599;2.658136;2.750905
0.463277;0.205222;0.157025;0.251474;0.197312;0.444987;0.233947
2.008757;2.101526;2.194294;2.287063
0.463277;0.183506;0.170342;0.141692
2.101526;2.194294;2.287063
0.188443;0.210293;0.141692
2.101526;2.194294;2.658136
0.102959;0.099574;0.126464
1.730452;1.915989;2.008757;2.101526;2.194294;2.287063;2.379831;2.472599;2.565368;2.658136;2.750905;2.936442;3.307515
0.30729;-0.049337;-0.022018;-0.024213;-0.02472;-0.058426;-0.024747;-0.038087;0.05128;0.005597;0.071;-0.109169;-0.016466
1.637684;1.730452;1.915989;2.008757;2.101526;2.194294;2.287063;2.379831;2.472599;2.565368;2.658136;2.750905;2.843673;2.936442;3.02921;3.121978;3.214747;3.307515
0.265099;-0.130815;0.030775;-0.013373;-0.03486;0.001521;-0.012727;0.004523;-0.007708;-0.010944;0.017534;0.089719;0.000355;-0.17524;0.13407;0.22927;0.108536;-0.068488
1.637684;1.730452;1.915989;2.008757;2.101526;2.194294;2.287063;2.379831;2.472599;2.565368;2.658136;2.750905;2.843673;2.936442;3.02921;3.121978;3.214747;3.307515
0.265099;-0.56892;0.271108;0.010442;-0.033454;0.036947;0.047989;0.045377;0.035916;-0.015786;0.049674;0.108107;0.000355;-0.307383;0.021129;0.067701;0.108536;-0.12051
1.823221;1.915989;2.008757;2.101526;2.194294;2.287063;2.379831;2.472599;2.565368;2.658136;2.750905;2.843673;3.02921;3.121978
0.082974;0.016155;0.00772;0.083527;0.038046;0.032522;0.076829;0.093329;0.070105;0.059038;0.131434;-0.03394;-0.091811;-0.417005
1.823221;1.915989;2.008757;2.101526;2.194294;2.287063;2.472599;2.565368;2.750905;2.843673;2.936442;3.02921;3.121978;3.214747;3.307515
0.082974;0.079181;0.030579;0.205527;-0.096802;-0.223756;0.136396;-0.011667;-0.000129;-0.03394;0.473419;0.084621;0.077318;-0.145667;0.28133
1.915989;2.008757;2.101526;2.194294;2.287063;2.379831;2.472599;2.750905;2.936442;3.02921;3.121978;3.214747;3.307515
0.029178;0.115312;0.040924;0.125187;-0.256854;0.249882;0.143869;-0.207275;0.473419;0.084621;0.077318;-0.145667;0.28133
1.915989;2.008757;2.101526;2.194294;2.287063;2.379831;2.472599
-0.083851;-0.149439;0.040924;0.251686;-0.078038;0.143419;0.143869
2.008757;2.101526;2.194294;2.379831
-0.149439;0.17978;0.444284;-0.084538
1.823221;1.915989;2.008757;2.101526;2.194294;2.287063;2.379831;2.472599;2.565368;2.658136
-0.024651;0.151507;0.060679;0.061548;0.132154;-0.213553;-0.229814;-0.022042;0.061534;-0.161723
1.730452;1.823221;1.915989;2.008757;2.101526;2.194294;2.287063;2.379831;2.472599;2.565368;2.658136;2.750905;2.843673
0.245781;0.008093;0.095064;0.069261;0.030627;0.12839;0.01627;0.08265;-0.006727;-0.111603;0.118992;-0.260884;-0.055205
1.637684;1.730452;1.823221;1.915989;2.008757;2.101526;2.194294;2.287063;2.379831;2.472599;2.565368;2.658136;2.750905;2.843673
-0.293612;0.016146;0.067314;0.066625;0.0907;0.035392;0.144314;0.06347;0.053483;-0.040761;-0.135759;-0.101657;-0.060955;-0.055205
1.637684;1.730452;1.823221;1.915989;2.008757;2.101526;2.194294;2.287063;2.379831;2.472599;2.565368;2.658136;2.750905;3.02921
-0.293612;-0.043531;0.11017;0.064987;0.101639;0.102785;0.119079;0.071941;0.119686;0.014311;-0.177781;-0.18981;-0.031667;0.082702
1.730452;1.823221;1.915989;2.008757;2.101526;2.194294;2.287063;2.379831;2.472599;2.565368;2.658136;2.750905;3.02921
0.356061;-0.058421;0.072365;0.034584;0.300158;0.032878;0.128327;0.286565;0.170353;-0.088642;-0.130703;-0.089575;0.082702
1.823221;1.915989;2.008757;2.101526;2.194294;2.287063;2.472599;2.565368;2.658136;2.750905
-0.045545;-0.107024;-0.204379;0.305059;0.214365;0.239889;0.197312;0.139745;0.444987;0.092171
2.008757;2.101526;2.194294;2.287063;2.472599;2.658136;2.750905
0.463277;0.205222;0.157025;0.251474;0.197312;0.444987;0.233947
2.008757;2.101526;2.194294;2.287063
0.463277;0.183506;0.170342;0.141692
2.101526;2.194294;2.287063
0.188443;0.210293;0.141692
2.101526;2.194294;2.658136
0.102959;0.099574;0.126464
1.730452;1.915989;2.008757;2.101526;2.194294;2.287063;2.379831;2.472599;2.565368;2.658136;2.750905;2.936442;3.307515
0.30729;-0.049337;-0.022018;-0.024213;-0.02472;-0.058426;-0.024747;-0.038087;0.05128;0.005597;0.071;-0.109169;-0.016466
1.637684;1.730452;1.915989;2.008757;2.101526;2.194294;2.287063;2.379831;2.472599;2.565368;2.658136;2.750905;2.843673;2.936442;3.02921;3.121978;3.214747;3.307515
0.265099;-0.130815;0.030775;-0.013373;-0.03486;0.001521;-0.012727;0.004523;-0.007708;-0.010944;0.017534;0.089719;0.000355;-0.17524;0.13407;0.22927;0.108536;-0.068488
1.637684;1.730452;1.915989;2.008757;2.101526;2.194294;2.287063;2.379831;2.472599;2.565368;2.658136;2.750905;2.843673;2.936442;3.02921;3.121978;3.214747;3.307515
0.265099;-0.56892;0.271108;0.010442;-0.033454;0.036947;0.047989;0.045377;0.035916;-0.015786;0.049674;0.108107;0.000355;-0.307383;0.021129;0.067701;0.108536;-0.12051
1.823221;1.915989;2.008757;2.101526;2.194294;2.287063;2.379831;2.472599;2.565368;2.658136;2.750905;2.843673;3.02921;3.121978
0.082974;0.016155;0.00772;0.083527;0.038046;0.032522;0.076829;0.093329;0.070105;0.059038;0.131434;-0.03394;-0.091811;-0.417005
1.823221;1.915989;2.008757;2.101526;2.194294;2.287063;2.472599;2.565368;2.750905;2.843673;2.936442;3.02921;3.121978;3.214747;3.307515
0.082974;0.079181;0.030579;0.205527;-0.096802;-0.223756;0.136396;-0.011667;-0.000129;-0.03394;0.473419;0.084621;0.077318;-0.145667;0.28133
1.915989;2.008757;2.101526;2.194294;2.287063;2.379831;2.472599;2.750905;2.936442;3.02921;3.121978;3.214747;3.307515
0.029178;0.115312;0.040924;0.125187;-0.256854;0.249882;0.143869;-0.207275;0.473419;0.084621;0.077318;-0.145667;0.28133
1.915989;2.008757;2.101526;2.194294;2.287063;2.379831;2.472599
-0.083851;-0.149439;0.040924;0.251686;-0.078038;0.143419;0.143869
2.008757;2.101526;2.194294;2.379831
-0.149439;0.17978;0.444284;-0.084538
1.823221;1.915989;2.008757;2.101526;2.194294;2.287063;2.379831;2.472599;2.565368;2.658136
-0.024651;0.151507;0.060679;0.061548;0.132154;-0.213553;-0.229814;-0.022042;0.061534;-0.161723
1.730452;1.823221;1.915989;2.008757;2.101526;2.194294;2.287063;2.379831;2.472599;2.565368;2.658136;2.750905;2.843673
0.245781;0.008093;0.095064;0.069261;0.030627;0.12839;0.01627;0.08265;-0.006727;-0.111603;0.118992;-0.260884;-0.055205
1.637684;1.730452;1.823221;1.915989;2.008757;2.101526;2.194294;2.287063;2.379831;2.472599;2.565368;2.658136;2.750905;2.843673
-0.293612;0.016146;0.067314;0.066625;0.0907;0.035392;0.144314;0.06347;0.053483;-0.040761;-0.135759;-0.101657;-0.060955;-0.055205
1.637684;1.730452;1.823221;1.915989;2.008757;2.101526;2.194294;2.287063;2.379831;2.472599;2.565368;2.658136;2.750905;3.02921
-0.293612;-0.043531;0.11017;0.064987;0.101639;0.102785;0.119079;0.071941;0.119686;0.014311;-0.177781;-0.18981;-0.031667;0.082702
1.730452;1.823221;1.915989;2.008757;2.101526;2.194294;2.287063;2.379831;2.472599;2.565368;2.658136;2.750905;3.02921
0.356061;-0.058421;0.072365;0.034584;0.300158;0.032878;0.128327;0.286565;0.170353;-0.088642;-0.130703;-0.089575;0.082702
1.823221;1.915989;2.008757;2.101526;2.194294;2.287063;2.472599;2.565368;2.658136;2.750905
-0.045545;-0.107024;-0.204379;0.305059;0.214365;0.239889;0.197312;0.139745;0.444987;0.092171
2.008757;2.101526;2.194294;2.287063;2.472599;2.658136;2.750905
0.463277;0.205222;0.157025;0.251474;0.197312;0.444987;0.233947
2.008757;2.101526;2.194294;2.287063
0.463277;0.183506;0.170342;0.141692
2.101526;2.194294;2.287063
0.188443;0.210293;0.141692
2.101526;2.194294;2.658136
0.102959;0.099574;0.126464
1.730452;1.915989;2.008757;2.101526;2.194294;2.287063;2.379831;2.472599;2.565368;2.658136;2.750905;2.936442;3.307515
0.30729;-0.049337;-0.022018;-0.024213;-0.02472;-0.058426;-0.024747;-0.038087;0.05128;0.005597;0.071;-0.109169;-0.016466
1.637684;1.730452;1.915989;2.008757;2.101526;2.194294;2.287063;2.379831;2.472599;2.565368;2.658136;2.750905;2.843673;2.936442;3.02921;3.121978;3.214747;3.307515
0.265099;-0.130815;0.030775;-0.013373;-0.03486;0.001521;-0.012727;0.004523;-0.007708;-0.010944;0.017534;0.089719;0.000355;-0.17524;0.13407;0.22927;0.108536;-0.068488
1.637684;1.730452;1.915989;2.008757;2.101526;2.194294;2.287063;2.379831;2.472599;2.565368;2.658136;2.750905;2.843673;2.936442;3.02921;3.121978;3.214747;3.307515
0.265099;-0.56892;0.271108;0.010442;-0.033454;0.036947;0.047989;0.045377;0.035916;-0.015786;0.049674;0.108107;0.000355;-0.307383;0.021129;0.067701;0.108536;-0.12051
1.823221;1.915989;2.008757;2.101526;2.194294;2.287063;2.379831;2.472599;2.565368;2.658136;2.750905;2.843673;3.02921;3.121978
0.082974;0.016155;0.00772;0.083527;0.038046;0.032522;0.076829;0.093329;0.070105;0.059038;0.131434;-0.03394;-0.091811;-0.417005
1.823221;1.915989;2.008757;2.101526;2.194294;2.287063;2.472599;2.565368;2.750905;2.843673;2.936442;3.02921;3.121978;3.214747;3.307515
0.082974;0.079181;0.030579;0.205527;-0.096802;-0.223756;0.136396;-0.011667;-0.000129;-0.03394;0.473419;0.084621;0.077318;-0.145667;0.28133
1.915989;2.008757;2.101526;2.194294;2.287063;2.379831;2.472599;2.750905;2.936442;3.02921;3.121978;3.214747;3.307515
0.029178;0.115312;0.040924;0.125187;-0.256854;0.249882;0.143869;-0.207275;0.473419;0.084621;0.077318;-0.145667;0.28133
1.915989;2.008757;2.101526;2.194294;2.287063;2.379831;2.472599
-0.083851;-0.149439;0.040924;0.251686;-0.078038;0.143419;0.143869
2.008757;2.101526;2.194294;2.379831
-0.149439;0.17978;0.444284;-0.084538
1.823221;1.915989;2.008757;2.101526;2.194294;2.287063;2.379831;2.472599;2.565368;2.658136
-0.024651;0.151507;0.060679;0.061548;0.132154;-0.213553;-0.229814;-0.022042;0.061534;-0.161723
1.730452;1.823221;1.915989;2.008757;2.101526;2.194294;2.287063;2.379831;2.472599;2.565368;2.658136;2.750905;2.843673
0.245781;0.008093;0.095064;0.069261;0.030627;0.12839;0.01627;0.08265;-0.006727;-0.111603;0.118992;-0.260884;-0.055205
1.637684;1.730452;1.823221;1.915989;2.008757;2.101526;2.194294;2.287063;2.379831;2.472599;2.565368;2.658136;2.750905;2.843673
-0.293612;0.016146;0.067314;0.066625;0.0907;0.035392;0.144314;0.06347;0.053483;-0.040761;-0.135759;-0.101657;-0.060955;-0.055205
1.637684;1.730452;1.823221;1.915989;2.008757;2.101526;2.194294;2.287063;2.379831;2.472599;2.565368;2.658136;2.750905;3.02921
-0.293612;-0.043531;0.11017;0.064987;0.101639;0.102785;0.119079;0.071941;0.119686;0.014311;-0.177781;-0.18981;-0.031667;0.082702
1.730452;1.823221;1.915989;2.008757;2.101526;2.194294;2.287063;2.379831;2.472599;2.565368;2.658136;2.750905;3.02921
0.356061;-0.058421;0.072365;0.034584;0.300158;0.032878;0.128327;0.286565;0.170353;-0.088642;-0.130703;-0.089575;0.082702
1.823221;1.915989;2.008757;2.101526;2.194294;2.287063;2.472599;2.565368;2.658136;2.750905
-0.045545;-0.107024;-0.204379;0.305059;0.214365;0.239889;0.197312;0.139745;0.444987;0.092171
