HA phi aa
-0.0347614674103
0.00242614285714;-0.0176741666667;0.0592081666667;0.116274636364;-0.167454857143;0.133332117647;-0.189546615385;0.0331521428571;0.07864675;0.0214595454545;-0.096348;-0.100512;0.20917825;-0.03111775;0.0107723333333;0.000898916666667;-0.0771602222222;-0.028788375;-0.373379909091;-0.278596454545
N/A
A;C;D;E;F;G;H;I;K;L;M;N;P;Q;R;S;T;V;W;Y
-560.0;-160.0;-360.0;-360.0;-360.0;-360.0;-360.0;-360.0;-360.0;-360.0;-360.0;-360.0;-360.0;-360.0;-360.0;-360.0;-200.0;200.0;0.0;0.0;0.0;0.0;0.0;0.0;0.0;0.0;0.0;0.0;0.0;0.0;0.0;0.0;160.0;560.0;360.0;360.0;360.0;360.0;360.0;360.0;360.0;360.0;360.0;360.0;360.0;360.0;360.0;360.0
-0.048257;-0.007482;-0.007482;0.079566;0.174959;0.161279;0.038701;0.017736;0.022299;0.0;0.0;0.0;-0.011227;-0.084431;-0.157634;0.0;-0.048257;-0.007482;-0.007482;0.079566;0.174959;0.161279;0.038701;0.017736;0.022299;0.0;0.0;0.0;-0.011227;-0.084431;-0.157634;0.0;-0.048257;-0.007482;-0.007482;0.079566;0.174959;0.161279;0.038701;0.017736;0.022299;0.0;0.0;0.0;-0.011227;-0.084431;-0.157634;0.0
-160.0;-360.0;-360.0;-360.0;-360.0;-360.0;-360.0;-360.0;-360.0;-360.0;-360.0;-360.0;-360.0;200.0;0.0;0.0;0.0;0.0;0.0;0.0;0.0;0.0;0.0;0.0;0.0;0.0;560.0;360.0;360.0;360.0;360.0;360.0;360.0;360.0;360.0;360.0;360.0;360.0;360.0
-0.081098;0.23894;-0.081098;-0.000978;0.082792;-0.042086;-0.050089;-0.059371;-0.346912;0.0;0.0;0.0;0.244651;-0.081098;0.23894;-0.081098;-0.000978;0.082792;-0.042086;-0.050089;-0.059371;-0.346912;0.0;0.0;0.0;0.244651;-0.081098;0.23894;-0.081098;-0.000978;0.082792;-0.042086;-0.050089;-0.059371;-0.346912;0.0;0.0;0.0;0.244651
-160.0;-360.0;-360.0;-360.0;-360.0;-360.0;-360.0;-360.0;-360.0;-360.0;-360.0;-360.0;-360.0;200.0;0.0;0.0;0.0;0.0;0.0;0.0;0.0;0.0;0.0;0.0;0.0;0.0;560.0;360.0;360.0;360.0;360.0;360.0;360.0;360.0;360.0;360.0;360.0;360.0;360.0
-0.223134;-0.242481;-0.223134;-0.102698;0.105923;0.081531;0.068223;0.088237;0.177395;0.0;0.0;0.0;0.258707;-0.223134;-0.242481;-0.223134;-0.102698;0.105923;0.081531;0.068223;0.088237;0.177395;0.0;0.0;0.0;0.258707;-0.223134;-0.242481;-0.223134;-0.102698;0.105923;0.081531;0.068223;0.088237;0.177395;0.0;0.0;0.0;0.258707
-160.0;-360.0;-360.0;-360.0;-360.0;-360.0;-360.0;-360.0;-360.0;-360.0;-360.0;-360.0;200.0;0.0;0.0;0.0;0.0;0.0;0.0;0.0;0.0;0.0;0.0;0.0;560.0;360.0;360.0;360.0;360.0;360.0;360.0;360.0;360.0;360.0;360.0;360.0
0.137627;0.481546;0.137627;0.08877;0.123121;0.093994;0.009583;-0.018061;-0.044053;0.0;0.0;0.0;0.137627;0.481546;0.137627;0.08877;0.123121;0.093994;0.009583;-0.018061;-0.044053;0.0;0.0;0.0;0.137627;0.481546;0.137627;0.08877;0.123121;0.093994;0.009583;-0.018061;-0.044053;0.0;0.0;0.0
-160.0;-360.0;-360.0;-360.0;-360.0;-360.0;-360.0;-360.0;200.0;0.0;0.0;0.0;0.0;0.0;0.0;0.0;560.0;360.0;360.0;360.0;360.0;360.0;360.0;360.0
-0.168483;0.0;-0.168483;-0.117826;-0.073511;-0.098662;-0.180508;-0.232063;-0.168483;0.0;-0.168483;-0.117826;-0.073511;-0.098662;-0.180508;-0.232063;-0.168483;0.0;-0.168483;-0.117826;-0.073511;-0.098662;-0.180508;-0.232063
-560.0;-160.0;-360.0;-360.0;-360.0;-360.0;-360.0;-360.0;-360.0;-360.0;-360.0;-360.0;-360.0;-360.0;-360.0;-360.0;-360.0;-360.0;-360.0;-200.0;200.0;0.0;0.0;0.0;0.0;0.0;0.0;0.0;0.0;0.0;0.0;0.0;0.0;0.0;0.0;0.0;0.0;0.0;160.0;560.0;360.0;360.0;360.0;360.0;360.0;360.0;360.0;360.0;360.0;360.0;360.0;360.0;360.0;360.0;360.0;360.0;360.0
-0.088422;-0.02026;-0.02026;-0.03839;-0.029287;-0.016035;-0.019621;0.043529;0.409541;0.0;0.0;0.428948;0.59988;0.517794;0.330028;0.248789;0.200151;-0.324913;-0.088422;-0.088422;-0.02026;-0.02026;-0.03839;-0.029287;-0.016035;-0.019621;0.043529;0.409541;0.0;0.0;0.428948;0.59988;0.517794;0.330028;0.248789;0.200151;-0.324913;-0.088422;-0.088422;-0.02026;-0.02026;-0.03839;-0.029287;-0.016035;-0.019621;0.043529;0.409541;0.0;0.0;0.428948;0.59988;0.517794;0.330028;0.248789;0.200151;-0.324913;-0.088422
-160.0;-360.0;-360.0;-360.0;-360.0;-360.0;-360.0;-360.0;-360.0;-360.0;-360.0;-360.0;-360.0;-360.0;200.0;0.0;0.0;0.0;0.0;0.0;0.0;0.0;0.0;0.0;0.0;0.0;0.0;0.0;560.0;360.0;360.0;360.0;360.0;360.0;360.0;360.0;360.0;360.0;360.0;360.0;360.0;360.0
-0.223342;-0.346509;-0.223342;-0.109222;-0.055737;-0.055188;-0.135235;-0.243084;-0.349963;0.0;0.0;-0.096451;-0.185914;-0.181856;-0.223342;-0.346509;-0.223342;-0.109222;-0.055737;-0.055188;-0.135235;-0.243084;-0.349963;0.0;0.0;-0.096451;-0.185914;-0.181856;-0.223342;-0.346509;-0.223342;-0.109222;-0.055737;-0.055188;-0.135235;-0.243084;-0.349963;0.0;0.0;-0.096451;-0.185914;-0.181856
-160.0;-360.0;-360.0;-360.0;-360.0;-360.0;-360.0;-360.0;200.0;0.0;0.0;0.0;0.0;0.0;0.0;0.0;560.0;360.0;360.0;360.0;360.0;360.0;360.0;360.0
0.031374;0.0;0.031374;0.227061;0.133597;0.069246;-0.00875;-0.100802;0.031374;0.0;0.031374;0.227061;0.133597;0.069246;-0.00875;-0.100802;0.031374;0.0;0.031374;0.227061;0.133597;0.069246;-0.00875;-0.100802
-160.0;-360.0;-360.0;-360.0;-360.0;-360.0;-360.0;-360.0;-360.0;-360.0;-360.0;-360.0;-360.0;200.0;0.0;0.0;0.0;0.0;0.0;0.0;0.0;0.0;0.0;0.0;0.0;0.0;560.0;360.0;360.0;360.0;360.0;360.0;360.0;360.0;360.0;360.0;360.0;360.0;360.0
-0.024041;-0.10976;-0.024041;0.053077;0.066134;0.057913;0.039315;7.1e-05;-0.026622;0.873516;0.0;0.0;0.061959;-0.024041;-0.10976;-0.024041;0.053077;0.066134;0.057913;0.039315;7.1e-05;-0.026622;0.873516;0.0;0.0;0.061959;-0.024041;-0.10976;-0.024041;0.053077;0.066134;0.057913;0.039315;7.1e-05;-0.026622;0.873516;0.0;0.0;0.061959
-160.0;-360.0;-360.0;-360.0;-360.0;-360.0;-360.0;-360.0;-360.0;-360.0;-360.0;-360.0;200.0;0.0;0.0;0.0;0.0;0.0;0.0;0.0;0.0;0.0;0.0;0.0;560.0;360.0;360.0;360.0;360.0;360.0;360.0;360.0;360.0;360.0;360.0;360.0
-0.075435;0.044572;-0.075435;0.171401;0.20197;0.137264;0.047135;0.013932;-0.031702;0.0;0.0;0.0;-0.075435;0.044572;-0.075435;0.171401;0.20197;0.137264;0.047135;0.013932;-0.031702;0.0;0.0;0.0;-0.075435;0.044572;-0.075435;0.171401;0.20197;0.137264;0.047135;0.013932;-0.031702;0.0;0.0;0.0
-160.0;-360.0;-360.0;-360.0;-360.0;-360.0;-360.0;-360.0;-360.0;-360.0;200.0;0.0;0.0;0.0;0.0;0.0;0.0;0.0;0.0;0.0;560.0;360.0;360.0;360.0;360.0;360.0;360.0;360.0;360.0;360.0
-0.023293;-0.285343;-0.023293;0.076896;0.04082;-0.093141;-0.05668;-0.059481;-0.181567;0.0;-0.023293;-0.285343;-0.023293;0.076896;0.04082;-0.093141;-0.05668;-0.059481;-0.181567;0.0;-0.023293;-0.285343;-0.023293;0.076896;0.04082;-0.093141;-0.05668;-0.059481;-0.181567;0.0
-160.0;-360.0;-360.0;-360.0;-360.0;-360.0;-360.0;-360.0;-360.0;-360.0;-360.0;-360.0;-360.0;200.0;0.0;0.0;0.0;0.0;0.0;0.0;0.0;0.0;0.0;0.0;0.0;0.0;560.0;360.0;360.0;360.0;360.0;360.0;360.0;360.0;360.0;360.0;360.0;360.0;360.0
-0.127951;-0.504076;-0.127951;0.021598;0.057162;-0.001226;-0.013463;-0.047506;-0.160693;0.0;0.0;0.0;-0.065717;-0.127951;-0.504076;-0.127951;0.021598;0.057162;-0.001226;-0.013463;-0.047506;-0.160693;0.0;0.0;0.0;-0.065717;-0.127951;-0.504076;-0.127951;0.021598;0.057162;-0.001226;-0.013463;-0.047506;-0.160693;0.0;0.0;0.0;-0.065717
-400.0;-360.0;-360.0;-360.0;-40.0;0.0;0.0;0.0;320.0;360.0;360.0;360.0
0.18004;0.0;0.0;0.0;0.18004;0.0;0.0;0.0;0.18004;0.0;0.0;0.0
-160.0;-360.0;-360.0;-360.0;-360.0;-360.0;-360.0;-360.0;-360.0;-360.0;-360.0;-360.0;-360.0;200.0;0.0;0.0;0.0;0.0;0.0;0.0;0.0;0.0;0.0;0.0;0.0;0.0;560.0;360.0;360.0;360.0;360.0;360.0;360.0;360.0;360.0;360.0;360.0;360.0;360.0
0.031372;0.176333;0.031372;-0.051601;0.088961;0.079264;0.02032;0.024997;0.003894;0.0;0.0;0.0;-0.546793;0.031372;0.176333;0.031372;-0.051601;0.088961;0.079264;0.02032;0.024997;0.003894;0.0;0.0;0.0;-0.546793;0.031372;0.176333;0.031372;-0.051601;0.088961;0.079264;0.02032;0.024997;0.003894;0.0;0.0;0.0;-0.546793
-160.0;-360.0;-360.0;-360.0;-360.0;-360.0;-360.0;-360.0;-360.0;-360.0;-360.0;-360.0;-360.0;200.0;0.0;0.0;0.0;0.0;0.0;0.0;0.0;0.0;0.0;0.0;0.0;0.0;560.0;360.0;360.0;360.0;360.0;360.0;360.0;360.0;360.0;360.0;360.0;360.0;360.0
0.027789;0.004839;0.027789;0.057348;0.077085;0.068958;-0.013215;-0.049756;-0.050195;0.0;0.0;0.0;-0.129991;0.027789;0.004839;0.027789;0.057348;0.077085;0.068958;-0.013215;-0.049756;-0.050195;0.0;0.0;0.0;-0.129991;0.027789;0.004839;0.027789;0.057348;0.077085;0.068958;-0.013215;-0.049756;-0.050195;0.0;0.0;0.0;-0.129991
-160.0;-360.0;-360.0;-360.0;-360.0;-360.0;-360.0;-360.0;-360.0;-360.0;-360.0;-360.0;-360.0;200.0;0.0;0.0;0.0;0.0;0.0;0.0;0.0;0.0;0.0;0.0;0.0;0.0;560.0;360.0;360.0;360.0;360.0;360.0;360.0;360.0;360.0;360.0;360.0;360.0;360.0
-0.085505;0.128504;-0.085505;-0.069434;0.06312;0.116204;0.048626;0.022506;0.025043;0.0;0.0;0.0;-0.236289;-0.085505;0.128504;-0.085505;-0.069434;0.06312;0.116204;0.048626;0.022506;0.025043;0.0;0.0;0.0;-0.236289;-0.085505;0.128504;-0.085505;-0.069434;0.06312;0.116204;0.048626;0.022506;0.025043;0.0;0.0;0.0;-0.236289
-160.0;-360.0;-360.0;-360.0;-360.0;-360.0;-360.0;-360.0;-360.0;-360.0;200.0;0.0;0.0;0.0;0.0;0.0;0.0;0.0;0.0;0.0;560.0;360.0;360.0;360.0;360.0;360.0;360.0;360.0;360.0;360.0
-0.031626;-0.282126;-0.031626;0.058154;0.042564;0.028308;-0.031338;-0.116783;-0.079469;0.0;-0.031626;-0.282126;-0.031626;0.058154;0.042564;0.028308;-0.031338;-0.116783;-0.079469;0.0;-0.031626;-0.282126;-0.031626;0.058154;0.042564;0.028308;-0.031338;-0.116783;-0.079469;0.0
-160.0;-360.0;-360.0;-360.0;-360.0;-360.0;-360.0;-360.0;-360.0;200.0;0.0;0.0;0.0;0.0;0.0;0.0;0.0;0.0;560.0;360.0;360.0;360.0;360.0;360.0;360.0;360.0;360.0
0.077688;0.0;0.077688;0.111695;0.093326;0.032948;-0.088834;-0.126094;-0.140267;0.077688;0.0;0.077688;0.111695;0.093326;0.032948;-0.088834;-0.126094;-0.140267;0.077688;0.0;0.077688;0.111695;0.093326;0.032948;-0.088834;-0.126094;-0.140267
-160.0;-360.0;-360.0;-360.0;-360.0;-360.0;-360.0;-360.0;-360.0;-360.0;-360.0;-360.0;200.0;0.0;0.0;0.0;0.0;0.0;0.0;0.0;0.0;0.0;0.0;0.0;560.0;360.0;360.0;360.0;360.0;360.0;360.0;360.0;360.0;360.0;360.0;360.0
-0.128522;-0.662361;-0.128522;0.049424;-0.268733;-0.21395;-0.305532;-0.310815;-0.049787;0.0;0.0;0.0;-0.128522;-0.662361;-0.128522;0.049424;-0.268733;-0.21395;-0.305532;-0.310815;-0.049787;0.0;0.0;0.0;-0.128522;-0.662361;-0.128522;0.049424;-0.268733;-0.21395;-0.305532;-0.310815;-0.049787;0.0;0.0;0.0
-160.0;-360.0;-360.0;-360.0;-360.0;-360.0;-360.0;-360.0;-360.0;-360.0;-360.0;-360.0;200.0;0.0;0.0;0.0;0.0;0.0;0.0;0.0;0.0;0.0;0.0;0.0;560.0;360.0;360.0;360.0;360.0;360.0;360.0;360.0;360.0;360.0;360.0;360.0
-0.134696;0.0;-0.134696;-0.122619;-0.134662;-0.160284;-0.209089;-0.209757;-0.084436;0.0;0.0;0.0;-0.134696;0.0;-0.134696;-0.122619;-0.134662;-0.160284;-0.209089;-0.209757;-0.084436;0.0;0.0;0.0;-0.134696;0.0;-0.134696;-0.122619;-0.134662;-0.160284;-0.209089;-0.209757;-0.084436;0.0;0.0;0.0
