HA psi+1 ss
-0.00900034758772
0.000852105263158;0.0312150625;-0.0590682105263
N/A
N/A
N/A
C;H;B
-560.0;-540.0;-520.0;-500.0;-480.0;-460.0;-440.0;-420.0;-400.0;-380.0;-360.0;-340.0;-320.0;-300.0;-280.0;-260.0;-240.0;-220.0;-200.0;-180.0;-160.0;-140.0;-120.0;-100.0;-80.0;-60.0;-40.0;-20.0;0.0;20.0;40.0;60.0;80.0;100.0;120.0;140.0;160.0;180.0;200.0;220.0;240.0;260.0;280.0;300.0;320.0;340.0;360.0;380.0;400.0;420.0;440.0;460.0;480.0;500.0;520.0;540.0;560.0
-0.021344;-0.066659;0.012753;0.090463;0.13402;0.091285;-0.033227;0.001268;0.028601;0.022985;-0.007156;-0.001842;0.037505;-0.037407;0.004713;-0.122348;-0.050908;0.000147;-0.021344;-0.066659;0.012753;0.090463;0.13402;0.091285;-0.033227;0.001268;0.028601;0.022985;-0.007156;-0.001842;0.037505;-0.037407;0.004713;-0.122348;-0.050908;0.000147;-0.021344;-0.066659;0.012753;0.090463;0.13402;0.091285;-0.033227;0.001268;0.028601;0.022985;-0.007156;-0.001842;0.037505;-0.037407;0.004713;-0.122348;-0.050908;0.000147;-0.021344;-0.066659;0.012753
-560.0;-540.0;-520.0;-440.0;-420.0;-400.0;-380.0;-360.0;-340.0;-320.0;-300.0;-280.0;-260.0;-240.0;-220.0;-200.0;-180.0;-160.0;-80.0;-60.0;-40.0;-20.0;0.0;20.0;40.0;60.0;80.0;100.0;120.0;140.0;160.0;180.0;200.0;280.0;300.0;320.0;340.0;360.0;380.0;400.0;420.0;440.0;460.0;480.0;500.0;520.0;540.0;560.0
-0.005755;0.007086;-0.007629;0.012512;-0.004184;-0.005898;-0.007029;0.017338;0.057437;0.035429;-0.003097;0.116894;0.234688;0.088889;-0.044326;-0.005755;0.007086;-0.007629;0.012512;-0.004184;-0.005898;-0.007029;0.017338;0.057437;0.035429;-0.003097;0.116894;0.234688;0.088889;-0.044326;-0.005755;0.007086;-0.007629;0.012512;-0.004184;-0.005898;-0.007029;0.017338;0.057437;0.035429;-0.003097;0.116894;0.234688;0.088889;-0.044326;-0.005755;0.007086;-0.007629
-560.0;-540.0;-520.0;-500.0;-480.0;-460.0;-440.0;-420.0;-400.0;-380.0;-360.0;-340.0;-320.0;-300.0;-280.0;-260.0;-240.0;-220.0;-200.0;-180.0;-160.0;-140.0;-120.0;-100.0;-80.0;-60.0;-40.0;-20.0;0.0;20.0;40.0;60.0;80.0;100.0;120.0;140.0;160.0;180.0;200.0;220.0;240.0;260.0;280.0;300.0;320.0;340.0;360.0;380.0;400.0;420.0;440.0;460.0;480.0;500.0;520.0;540.0;560.0
0.029483;-0.001739;-0.055465;-0.038469;0.053582;-0.212087;-0.444494;-0.11948;-0.063864;0.018584;0.025477;-0.068691;-0.014428;-0.086847;-0.121193;-0.06269;0.00855;0.033214;0.029483;-0.001739;-0.055465;-0.038469;0.053582;-0.212087;-0.444494;-0.11948;-0.063864;0.018584;0.025477;-0.068691;-0.014428;-0.086847;-0.121193;-0.06269;0.00855;0.033214;0.029483;-0.001739;-0.055465;-0.038469;0.053582;-0.212087;-0.444494;-0.11948;-0.063864;0.018584;0.025477;-0.068691;-0.014428;-0.086847;-0.121193;-0.06269;0.00855;0.033214;0.029483;-0.001739;-0.055465
