HA psi ssbondm1
-0.0194099593301
-0.00491073684211;-0.0339091818182
N/A
N/A
N/A
N;Y
-560.0;-540.0;-520.0;-500.0;-480.0;-460.0;-440.0;-420.0;-400.0;-380.0;-360.0;-340.0;-320.0;-300.0;-280.0;-260.0;-240.0;-220.0;-200.0;-180.0;-160.0;-140.0;-120.0;-100.0;-80.0;-60.0;-40.0;-20.0;0.0;20.0;40.0;60.0;80.0;100.0;120.0;140.0;160.0;180.0;200.0;220.0;240.0;260.0;280.0;300.0;320.0;340.0;360.0;380.0;400.0;420.0;440.0;460.0;480.0;500.0;520.0;540.0;560.0
-0.002927;-0.019631;-0.033569;-0.024836;0.007278;-0.050193;0.02149;0.007545;0.009596;0.012224;0.009539;0.015406;0.017937;0.006269;0.004147;-0.028275;-0.019479;-0.006194;-0.002927;-0.019631;-0.033569;-0.024836;0.007278;-0.050193;0.02149;0.007545;0.009596;0.012224;0.009539;0.015406;0.017937;0.006269;0.004147;-0.028275;-0.019479;-0.006194;-0.002927;-0.019631;-0.033569;-0.024836;0.007278;-0.050193;0.02149;0.007545;0.009596;0.012224;0.009539;0.015406;0.017937;0.006269;0.004147;-0.028275;-0.019479;-0.006194;-0.002927;-0.019631;-0.033569
-560.0;-540.0;-420.0;-400.0;-380.0;-340.0;-320.0;-300.0;-240.0;-220.0;-200.0;-180.0;-60.0;-40.0;-20.0;20.0;40.0;60.0;120.0;140.0;160.0;180.0;300.0;320.0;340.0;380.0;400.0;420.0;480.0;500.0;520.0;540.0
0.066571;-0.074774;-0.009433;-0.068147;-0.24429;0.018256;-0.047069;-0.079731;0.048305;0.092085;0.066571;-0.074774;-0.009433;-0.068147;-0.24429;0.018256;-0.047069;-0.079731;0.048305;0.092085;0.066571;-0.074774;-0.009433;-0.068147;-0.24429;0.018256;-0.047069;-0.079731;0.048305;0.092085;0.066571;-0.074774
