0.000000;-560.000000;-540.000000;-520.000000;-500.000000;-480.000000;-460.000000;-440.000000;-420.000000;-400.000000;-380.000000;-360.000000;-340.000000;-320.000000;-300.000000;-280.000000;-260.000000;-240.000000;-220.000000;-200.000000;-180.000000;-160.000000;-140.000000;-120.000000;-100.000000;-80.000000;-60.000000;-40.000000;-20.000000;0.000000;20.000000;40.000000;60.000000;80.000000;100.000000;120.000000;140.000000;160.000000;180.000000;200.000000;220.000000;240.000000;260.000000;280.000000;300.000000;320.000000;340.000000;360.000000;380.000000;400.000000;420.000000;440.000000;460.000000;480.000000;500.000000;520.000000;540.000000
0.000000;1.637684;1.730452;1.823221;1.915989;2.008757;2.101526;2.194294;2.287063;2.379831;2.472599;2.565368;2.658136;2.750905
-0.108068;-0.293612;-0.043531;0.110170;0.064987;0.101639;0.102785;0.119079;0.071941;0.119686;0.014311;-0.177781;-0.189810;-0.031667
0.000000;1.730452;1.823221;1.915989;2.008757;2.101526;2.194294;2.287063;2.379831;2.472599;2.565368;2.658136;2.750905
-0.088037;0.356061;-0.058421;0.072365;0.034584;0.300158;0.032878;0.128327;0.286565;0.170353;-0.088642;-0.130703;-0.089575
0.000000;1.823221;1.915989;2.008757;2.101526;2.194294;2.287063;2.472599;2.565368;2.658136
0.017708;-0.045545;-0.107024;-0.204379;0.305059;0.214365;0.239889;0.197312;0.139745;0.444987
0.000000;2.008757;2.101526;2.194294;2.287063;2.472599;2.658136
0.118086;0.463277;0.205222;0.157025;0.251474;0.197312;0.444987
0.000000;2.008757;2.101526;2.194294
0.180578;0.463277;0.183506;0.170342
0.000000;2.101526;2.194294
0.091044;0.188443;0.210293
0.000000;2.101526;2.194294
-0.036875;0.102959;0.099574
0.000000;1.730452;1.915989;2.008757;2.101526;2.194294;2.287063;2.379831;2.472599;2.565368;2.658136;2.750905;2.936442
0.106483;0.307290;-0.049337;-0.022018;-0.024213;-0.024720;-0.058426;-0.024747;-0.038087;0.051280;0.005597;0.071000;-0.109169
0.000000;1.637684;1.730452;1.915989;2.008757;2.101526;2.194294;2.287063;2.379831;2.472599;2.565368;2.658136;2.750905;2.843673;2.936442;3.029210;3.121978;3.214747
0.118912;0.265099;-0.130815;0.030775;-0.013373;-0.034860;0.001521;-0.012727;0.004523;-0.007708;-0.010944;0.017534;0.089719;0.000355;-0.175240;0.134070;0.229270;0.108536
0.000000;1.637684;1.730452;1.915989;2.008757;2.101526;2.194294;2.287063;2.379831;2.472599;2.565368;2.658136;2.750905;2.843673;2.936442;3.029210;3.121978;3.214747
0.064856;0.265099;-0.568920;0.271108;0.010442;-0.033454;0.036947;0.047989;0.045377;0.035916;-0.015786;0.049674;0.108107;0.000355;-0.307383;0.021129;0.067701;0.108536
0.000000;1.823221;1.915989;2.008757;2.101526;2.194294;2.287063;2.379831;2.472599;2.565368;2.658136;2.750905;2.843673;3.029210
0.009570;0.082974;0.016155;0.007720;0.083527;0.038046;0.032522;0.076829;0.093329;0.070105;0.059038;0.131434;-0.033940;-0.091811
0.000000;1.823221;1.915989;2.008757;2.101526;2.194294;2.287063;2.472599;2.565368;2.750905;2.843673;2.936442;3.029210;3.121978;3.214747
-0.014237;0.082974;0.079181;0.030579;0.205527;-0.096802;-0.223756;0.136396;-0.011667;-0.000129;-0.033940;0.473419;0.084621;0.077318;-0.145667
0.000000;1.915989;2.008757;2.101526;2.194294;2.287063;2.379831;2.472599;2.750905;2.936442;3.029210;3.121978;3.214747
-0.084463;0.029178;0.115312;0.040924;0.125187;-0.256854;0.249882;0.143869;-0.207275;0.473419;0.084621;0.077318;-0.145667
0.000000;1.915989;2.008757;2.101526;2.194294;2.287063;2.379831
-0.106634;-0.083851;-0.149439;0.040924;0.251686;-0.078038;0.143419
0.000000;2.008757;2.101526;2.194294
-0.112320;-0.149439;0.179780;0.444284
0.000000;1.823221;1.915989;2.008757;2.101526;2.194294;2.287063;2.379831;2.472599;2.565368
-0.180647;-0.024651;0.151507;0.060679;0.061548;0.132154;-0.213553;-0.229814;-0.022042;0.061534
0.000000;1.730452;1.823221;1.915989;2.008757;2.101526;2.194294;2.287063;2.379831;2.472599;2.565368;2.658136;2.750905
-0.167000;0.245781;0.008093;0.095064;0.069261;0.030627;0.128390;0.016270;0.082650;-0.006727;-0.111603;0.118992;-0.260884
0.000000;1.637684;1.730452;1.823221;1.915989;2.008757;2.101526;2.194294;2.287063;2.379831;2.472599;2.565368;2.658136;2.750905
-0.133050;-0.293612;0.016146;0.067314;0.066625;0.090700;0.035392;0.144314;0.063470;0.053483;-0.040761;-0.135759;-0.101657;-0.060955
0.000000;1.637684;1.730452;1.823221;1.915989;2.008757;2.101526;2.194294;2.287063;2.379831;2.472599;2.565368;2.658136;2.750905
-0.108068;-0.293612;-0.043531;0.110170;0.064987;0.101639;0.102785;0.119079;0.071941;0.119686;0.014311;-0.177781;-0.189810;-0.031667
0.000000;1.730452;1.823221;1.915989;2.008757;2.101526;2.194294;2.287063;2.379831;2.472599;2.565368;2.658136;2.750905
-0.088037;0.356061;-0.058421;0.072365;0.034584;0.300158;0.032878;0.128327;0.286565;0.170353;-0.088642;-0.130703;-0.089575
0.000000;1.823221;1.915989;2.008757;2.101526;2.194294;2.287063;2.472599;2.565368;2.658136
0.017708;-0.045545;-0.107024;-0.204379;0.305059;0.214365;0.239889;0.197312;0.139745;0.444987
0.000000;2.008757;2.101526;2.194294;2.287063;2.472599;2.658136
0.118086;0.463277;0.205222;0.157025;0.251474;0.197312;0.444987
0.000000;2.008757;2.101526;2.194294
0.180578;0.463277;0.183506;0.170342
0.000000;2.101526;2.194294
0.091044;0.188443;0.210293
0.000000;2.101526;2.194294
-0.036875;0.102959;0.099574
0.000000;1.730452;1.915989;2.008757;2.101526;2.194294;2.287063;2.379831;2.472599;2.565368;2.658136;2.750905;2.936442
0.106483;0.307290;-0.049337;-0.022018;-0.024213;-0.024720;-0.058426;-0.024747;-0.038087;0.051280;0.005597;0.071000;-0.109169
0.000000;1.637684;1.730452;1.915989;2.008757;2.101526;2.194294;2.287063;2.379831;2.472599;2.565368;2.658136;2.750905;2.843673;2.936442;3.029210;3.121978;3.214747
0.118912;0.265099;-0.130815;0.030775;-0.013373;-0.034860;0.001521;-0.012727;0.004523;-0.007708;-0.010944;0.017534;0.089719;0.000355;-0.175240;0.134070;0.229270;0.108536
0.000000;1.637684;1.730452;1.915989;2.008757;2.101526;2.194294;2.287063;2.379831;2.472599;2.565368;2.658136;2.750905;2.843673;2.936442;3.029210;3.121978;3.214747
0.064856;0.265099;-0.568920;0.271108;0.010442;-0.033454;0.036947;0.047989;0.045377;0.035916;-0.015786;0.049674;0.108107;0.000355;-0.307383;0.021129;0.067701;0.108536
0.000000;1.823221;1.915989;2.008757;2.101526;2.194294;2.287063;2.379831;2.472599;2.565368;2.658136;2.750905;2.843673;3.029210
0.009570;0.082974;0.016155;0.007720;0.083527;0.038046;0.032522;0.076829;0.093329;0.070105;0.059038;0.131434;-0.033940;-0.091811
0.000000;1.823221;1.915989;2.008757;2.101526;2.194294;2.287063;2.472599;2.565368;2.750905;2.843673;2.936442;3.029210;3.121978;3.214747
-0.014237;0.082974;0.079181;0.030579;0.205527;-0.096802;-0.223756;0.136396;-0.011667;-0.000129;-0.033940;0.473419;0.084621;0.077318;-0.145667
0.000000;1.915989;2.008757;2.101526;2.194294;2.287063;2.379831;2.472599;2.750905;2.936442;3.029210;3.121978;3.214747
-0.084463;0.029178;0.115312;0.040924;0.125187;-0.256854;0.249882;0.143869;-0.207275;0.473419;0.084621;0.077318;-0.145667
0.000000;1.915989;2.008757;2.101526;2.194294;2.287063;2.379831
-0.106634;-0.083851;-0.149439;0.040924;0.251686;-0.078038;0.143419
0.000000;2.008757;2.101526;2.194294
-0.112320;-0.149439;0.179780;0.444284
0.000000;1.823221;1.915989;2.008757;2.101526;2.194294;2.287063;2.379831;2.472599;2.565368
-0.180647;-0.024651;0.151507;0.060679;0.061548;0.132154;-0.213553;-0.229814;-0.022042;0.061534
0.000000;1.730452;1.823221;1.915989;2.008757;2.101526;2.194294;2.287063;2.379831;2.472599;2.565368;2.658136;2.750905
-0.167000;0.245781;0.008093;0.095064;0.069261;0.030627;0.128390;0.016270;0.082650;-0.006727;-0.111603;0.118992;-0.260884
0.000000;1.637684;1.730452;1.823221;1.915989;2.008757;2.101526;2.194294;2.287063;2.379831;2.472599;2.565368;2.658136;2.750905
-0.133050;-0.293612;0.016146;0.067314;0.066625;0.090700;0.035392;0.144314;0.063470;0.053483;-0.040761;-0.135759;-0.101657;-0.060955
0.000000;1.637684;1.730452;1.823221;1.915989;2.008757;2.101526;2.194294;2.287063;2.379831;2.472599;2.565368;2.658136;2.750905
-0.108068;-0.293612;-0.043531;0.110170;0.064987;0.101639;0.102785;0.119079;0.071941;0.119686;0.014311;-0.177781;-0.189810;-0.031667
0.000000;1.730452;1.823221;1.915989;2.008757;2.101526;2.194294;2.287063;2.379831;2.472599;2.565368;2.658136;2.750905
-0.088037;0.356061;-0.058421;0.072365;0.034584;0.300158;0.032878;0.128327;0.286565;0.170353;-0.088642;-0.130703;-0.089575
0.000000;1.823221;1.915989;2.008757;2.101526;2.194294;2.287063;2.472599;2.565368;2.658136
0.017708;-0.045545;-0.107024;-0.204379;0.305059;0.214365;0.239889;0.197312;0.139745;0.444987
0.000000;2.008757;2.101526;2.194294;2.287063;2.472599;2.658136
0.118086;0.463277;0.205222;0.157025;0.251474;0.197312;0.444987
0.000000;2.008757;2.101526;2.194294
0.180578;0.463277;0.183506;0.170342
0.000000;2.101526;2.194294
0.091044;0.188443;0.210293
0.000000;2.101526;2.194294
-0.036875;0.102959;0.099574
0.000000;1.730452;1.915989;2.008757;2.101526;2.194294;2.287063;2.379831;2.472599;2.565368;2.658136;2.750905;2.936442
0.106483;0.307290;-0.049337;-0.022018;-0.024213;-0.024720;-0.058426;-0.024747;-0.038087;0.051280;0.005597;0.071000;-0.109169
0.000000;1.637684;1.730452;1.915989;2.008757;2.101526;2.194294;2.287063;2.379831;2.472599;2.565368;2.658136;2.750905;2.843673;2.936442;3.029210;3.121978;3.214747
0.118912;0.265099;-0.130815;0.030775;-0.013373;-0.034860;0.001521;-0.012727;0.004523;-0.007708;-0.010944;0.017534;0.089719;0.000355;-0.175240;0.134070;0.229270;0.108536
0.000000;1.637684;1.730452;1.915989;2.008757;2.101526;2.194294;2.287063;2.379831;2.472599;2.565368;2.658136;2.750905;2.843673;2.936442;3.029210;3.121978;3.214747
0.064856;0.265099;-0.568920;0.271108;0.010442;-0.033454;0.036947;0.047989;0.045377;0.035916;-0.015786;0.049674;0.108107;0.000355;-0.307383;0.021129;0.067701;0.108536
0.000000;1.823221;1.915989;2.008757;2.101526;2.194294;2.287063;2.379831;2.472599;2.565368;2.658136;2.750905;2.843673;3.029210
0.009570;0.082974;0.016155;0.007720;0.083527;0.038046;0.032522;0.076829;0.093329;0.070105;0.059038;0.131434;-0.033940;-0.091811
0.000000;1.823221;1.915989;2.008757;2.101526;2.194294;2.287063;2.472599;2.565368;2.750905;2.843673;2.936442;3.029210;3.121978;3.214747
-0.014237;0.082974;0.079181;0.030579;0.205527;-0.096802;-0.223756;0.136396;-0.011667;-0.000129;-0.033940;0.473419;0.084621;0.077318;-0.145667
0.000000;1.915989;2.008757;2.101526;2.194294;2.287063;2.379831;2.472599;2.750905;2.936442;3.029210;3.121978;3.214747
-0.084463;0.029178;0.115312;0.040924;0.125187;-0.256854;0.249882;0.143869;-0.207275;0.473419;0.084621;0.077318;-0.145667
0.000000;1.915989;2.008757;2.101526;2.194294;2.287063;2.379831
-0.106634;-0.083851;-0.149439;0.040924;0.251686;-0.078038;0.143419
0.000000;2.008757;2.101526;2.194294
-0.112320;-0.149439;0.179780;0.444284
0.000000;1.823221;1.915989;2.008757;2.101526;2.194294;2.287063;2.379831;2.472599;2.565368
-0.180647;-0.024651;0.151507;0.060679;0.061548;0.132154;-0.213553;-0.229814;-0.022042;0.061534
0.000000;1.730452;1.823221;1.915989;2.008757;2.101526;2.194294;2.287063;2.379831;2.472599;2.565368;2.658136;2.750905
-0.167000;0.245781;0.008093;0.095064;0.069261;0.030627;0.128390;0.016270;0.082650;-0.006727;-0.111603;0.118992;-0.260884
0.000000;1.637684;1.730452;1.823221;1.915989;2.008757;2.101526;2.194294;2.287063;2.379831;2.472599;2.565368;2.658136;2.750905
-0.133050;-0.293612;0.016146;0.067314;0.066625;0.090700;0.035392;0.144314;0.063470;0.053483;-0.040761;-0.135759;-0.101657;-0.060955
0.000000;1.637684;1.730452;1.823221;1.915989;2.008757;2.101526;2.194294;2.287063;2.379831;2.472599;2.565368;2.658136;2.750905
-0.108068;-0.293612;-0.043531;0.110170;0.064987;0.101639;0.102785;0.119079;0.071941;0.119686;0.014311;-0.177781;-0.189810;-0.031667
0.000000;1.730452;1.823221;1.915989;2.008757;2.101526;2.194294;2.287063;2.379831;2.472599;2.565368;2.658136;2.750905
-0.088037;0.356061;-0.058421;0.072365;0.034584;0.300158;0.032878;0.128327;0.286565;0.170353;-0.088642;-0.130703;-0.089575
0.000000;1.823221;1.915989;2.008757;2.101526;2.194294;2.287063;2.472599;2.565368;2.658136
0.017708;-0.045545;-0.107024;-0.204379;0.305059;0.214365;0.239889;0.197312;0.139745;0.444987
