-560.000000;-540.000000;-520.000000;-500.000000;-480.000000;-460.000000;-440.000000;-420.000000;-400.000000;-320.000000;-300.000000;-280.000000;-260.000000;-240.000000;-220.000000;-200.000000;-180.000000;-160.000000;-140.000000;-120.000000;-100.000000;-80.000000;-60.000000;-40.000000;40.000000;60.000000;80.000000;100.000000;120.000000;140.000000;160.000000;180.000000;200.000000;220.000000;240.000000;260.000000;280.000000;300.000000;320.000000;400.000000;420.000000;440.000000;460.000000;480.000000;500.000000;520.000000;540.000000
-560.000000;-540.000000;-520.000000;-500.000000;-200.000000;-180.000000;-160.000000;-140.000000;160.000000;180.000000;200.000000;220.000000;520.000000;540.000000
0.580204;0.282204;0.049394;0.179774;0.580204;0.282204;0.049394;0.179774;0.580204;0.282204;0.049394;0.179774;0.580204;0.282204
-560.000000;-540.000000;-520.000000;-500.000000;-480.000000;-260.000000;-240.000000;-220.000000;-200.000000;-180.000000;-160.000000;-140.000000;-120.000000;100.000000;120.000000;140.000000;160.000000;180.000000;200.000000;220.000000;240.000000;460.000000;480.000000;500.000000;520.000000;540.000000
0.166383;0.089878;0.049076;0.042699;-0.071310;0.388824;0.234207;0.239173;0.166383;0.089878;0.049076;0.042699;-0.071310;0.388824;0.234207;0.239173;0.166383;0.089878;0.049076;0.042699;-0.071310;0.388824;0.234207;0.239173;0.166383;0.089878
-560.000000;-540.000000;-520.000000;-500.000000;-480.000000;-440.000000;-420.000000;-360.000000;-340.000000;-300.000000;-280.000000;-260.000000;-240.000000;-220.000000;-200.000000;-180.000000;-160.000000;-140.000000;-120.000000;-80.000000;-60.000000;0.000000;20.000000;60.000000;80.000000;100.000000;120.000000;140.000000;160.000000;180.000000;200.000000;220.000000;240.000000;280.000000;300.000000;360.000000;380.000000;420.000000;440.000000;460.000000;480.000000;500.000000;520.000000;540.000000
0.359620;0.276055;0.127577;-0.220167;-0.071310;0.316231;0.316231;0.194012;0.194012;0.436681;0.437909;0.184408;0.269836;0.390628;0.359620;0.276055;0.127577;-0.220167;-0.071310;0.316231;0.316231;0.194012;0.194012;0.436681;0.437909;0.184408;0.269836;0.390628;0.359620;0.276055;0.127577;-0.220167;-0.071310;0.316231;0.316231;0.194012;0.194012;0.436681;0.437909;0.184408;0.269836;0.390628;0.359620;0.276055
-560.000000;-540.000000;-520.000000;-500.000000;-480.000000;-440.000000;-420.000000;-400.000000;-380.000000;-360.000000;-340.000000;-320.000000;-300.000000;-280.000000;-260.000000;-240.000000;-220.000000;-200.000000;-180.000000;-160.000000;-140.000000;-120.000000;-80.000000;-60.000000;-40.000000;-20.000000;0.000000;20.000000;40.000000;60.000000;80.000000;100.000000;120.000000;140.000000;160.000000;180.000000;200.000000;220.000000;240.000000;280.000000;300.000000;320.000000;340.000000;360.000000;380.000000;400.000000;420.000000;440.000000;460.000000;480.000000;500.000000;520.000000;540.000000
0.468407;0.425025;0.143113;-0.047283;0.185241;0.125116;0.021284;-0.008555;0.162675;0.232398;0.299492;0.428075;0.406819;0.316858;0.253431;0.350188;0.440541;0.468407;0.425025;0.143113;-0.047283;0.185241;0.125116;0.021284;-0.008555;0.162675;0.232398;0.299492;0.428075;0.406819;0.316858;0.253431;0.350188;0.440541;0.468407;0.425025;0.143113;-0.047283;0.185241;0.125116;0.021284;-0.008555;0.162675;0.232398;0.299492;0.428075;0.406819;0.316858;0.253431;0.350188;0.440541;0.468407;0.425025
-560.000000;-540.000000;-520.000000;-500.000000;-480.000000;-460.000000;-440.000000;-420.000000;-400.000000;-380.000000;-360.000000;-340.000000;-320.000000;-300.000000;-280.000000;-260.000000;-240.000000;-220.000000;-200.000000;-180.000000;-160.000000;-140.000000;-120.000000;-100.000000;-80.000000;-60.000000;-40.000000;-20.000000;0.000000;20.000000;40.000000;60.000000;80.000000;100.000000;120.000000;140.000000;160.000000;180.000000;200.000000;220.000000;240.000000;260.000000;280.000000;300.000000;320.000000;340.000000;360.000000;380.000000;400.000000;420.000000;440.000000;460.000000;480.000000;500.000000;520.000000;540.000000
0.451752;0.438239;0.540368;0.200029;0.003516;-0.178208;0.064409;-0.061771;-0.070519;0.074434;0.149460;0.227092;0.359504;0.394268;0.254006;0.266230;0.360034;0.425372;0.451752;0.438239;0.540368;0.200029;0.003516;-0.178208;0.064409;-0.061771;-0.070519;0.074434;0.149460;0.227092;0.359504;0.394268;0.254006;0.266230;0.360034;0.425372;0.451752;0.438239;0.540368;0.200029;0.003516;-0.178208;0.064409;-0.061771;-0.070519;0.074434;0.149460;0.227092;0.359504;0.394268;0.254006;0.266230;0.360034;0.425372;0.451752;0.438239
-560.000000;-540.000000;-520.000000;-500.000000;-480.000000;-460.000000;-440.000000;-420.000000;-400.000000;-380.000000;-360.000000;-340.000000;-320.000000;-300.000000;-280.000000;-260.000000;-240.000000;-220.000000;-200.000000;-180.000000;-160.000000;-140.000000;-120.000000;-100.000000;-80.000000;-60.000000;-40.000000;-20.000000;0.000000;20.000000;40.000000;60.000000;80.000000;100.000000;120.000000;140.000000;160.000000;180.000000;200.000000;220.000000;240.000000;260.000000;280.000000;300.000000;320.000000;340.000000;360.000000;380.000000;400.000000;420.000000;440.000000;460.000000;480.000000;500.000000;520.000000;540.000000
0.302217;0.226898;0.302551;0.119982;0.030707;-0.338525;-0.156568;-0.170292;-0.177241;-0.085951;0.022629;0.144856;0.292734;0.172403;0.132794;0.197497;0.275481;0.325091;0.302217;0.226898;0.302551;0.119982;0.030707;-0.338525;-0.156568;-0.170292;-0.177241;-0.085951;0.022629;0.144856;0.292734;0.172403;0.132794;0.197497;0.275481;0.325091;0.302217;0.226898;0.302551;0.119982;0.030707;-0.338525;-0.156568;-0.170292;-0.177241;-0.085951;0.022629;0.144856;0.292734;0.172403;0.132794;0.197497;0.275481;0.325091;0.302217;0.226898
-560.000000;-540.000000;-520.000000;-500.000000;-480.000000;-460.000000;-440.000000;-420.000000;-400.000000;-380.000000;-360.000000;-340.000000;-320.000000;-300.000000;-280.000000;-260.000000;-240.000000;-220.000000;-200.000000;-180.000000;-160.000000;-140.000000;-120.000000;-100.000000;-80.000000;-60.000000;-40.000000;-20.000000;0.000000;20.000000;40.000000;60.000000;80.000000;100.000000;120.000000;140.000000;160.000000;180.000000;200.000000;220.000000;240.000000;260.000000;280.000000;300.000000;320.000000;340.000000;360.000000;380.000000;400.000000;420.000000;440.000000;460.000000;480.000000;500.000000;520.000000;540.000000
0.088107;0.129558;0.055426;0.119982;0.239622;-0.498841;-0.210599;-0.340181;-0.321103;-0.250697;-0.095624;0.053054;0.099306;0.106232;0.079099;0.085406;0.056218;0.053256;0.088107;0.129558;0.055426;0.119982;0.239622;-0.498841;-0.210599;-0.340181;-0.321103;-0.250697;-0.095624;0.053054;0.099306;0.106232;0.079099;0.085406;0.056218;0.053256;0.088107;0.129558;0.055426;0.119982;0.239622;-0.498841;-0.210599;-0.340181;-0.321103;-0.250697;-0.095624;0.053054;0.099306;0.106232;0.079099;0.085406;0.056218;0.053256;0.088107;0.129558
-560.000000;-540.000000;-520.000000;-500.000000;-440.000000;-420.000000;-400.000000;-380.000000;-360.000000;-340.000000;-320.000000;-300.000000;-280.000000;-260.000000;-240.000000;-220.000000;-200.000000;-180.000000;-160.000000;-140.000000;-80.000000;-60.000000;-40.000000;-20.000000;0.000000;20.000000;40.000000;60.000000;80.000000;100.000000;120.000000;140.000000;160.000000;180.000000;200.000000;220.000000;280.000000;300.000000;320.000000;340.000000;360.000000;380.000000;400.000000;420.000000;440.000000;460.000000;480.000000;500.000000;520.000000;540.000000
-0.039687;0.000526;-0.006542;0.066145;-0.390226;-0.369399;-0.351915;-0.313163;-0.222690;-0.200255;0.030078;0.103636;0.103636;-0.100755;-0.140858;-0.103377;-0.039687;0.000526;-0.006542;0.066145;-0.390226;-0.369399;-0.351915;-0.313163;-0.222690;-0.200255;0.030078;0.103636;0.103636;-0.100755;-0.140858;-0.103377;-0.039687;0.000526;-0.006542;0.066145;-0.390226;-0.369399;-0.351915;-0.313163;-0.222690;-0.200255;0.030078;0.103636;0.103636;-0.100755;-0.140858;-0.103377;-0.039687;0.000526
-560.000000;-540.000000;-520.000000;-500.000000;-440.000000;-420.000000;-400.000000;-380.000000;-360.000000;-260.000000;-240.000000;-220.000000;-200.000000;-180.000000;-160.000000;-140.000000;-80.000000;-60.000000;-40.000000;-20.000000;0.000000;100.000000;120.000000;140.000000;160.000000;180.000000;200.000000;220.000000;280.000000;300.000000;320.000000;340.000000;360.000000;460.000000;480.000000;500.000000;520.000000;540.000000
-0.186105;-0.248186;0.066145;0.066145;-0.816196;-0.398064;-0.395891;-0.410211;-0.474100;-0.188227;-0.293705;-0.272545;-0.186105;-0.248186;0.066145;0.066145;-0.816196;-0.398064;-0.395891;-0.410211;-0.474100;-0.188227;-0.293705;-0.272545;-0.186105;-0.248186;0.066145;0.066145;-0.816196;-0.398064;-0.395891;-0.410211;-0.474100;-0.188227;-0.293705;-0.272545;-0.186105;-0.248186
-500.000000;-480.000000;-360.000000;-340.000000;-320.000000;-300.000000;-140.000000;-120.000000;0.000000;20.000000;40.000000;60.000000;220.000000;240.000000;360.000000;380.000000;400.000000
-0.892702;-0.892702;-0.537305;-0.376628;-0.412026;-0.454854;-0.892702;-0.892702;-0.537305;-0.376628;-0.412026;-0.454854;-0.892702;-0.892702;-0.537305;-0.376628;-0.412026
-540.000000;-520.000000;-500.000000;-480.000000;-460.000000;-440.000000;-420.000000;-380.000000;-360.000000;-340.000000;-320.000000;-300.000000;-180.000000;-160.000000;-140.000000;-120.000000;-100.000000;-80.000000;-60.000000;-20.000000;0.000000;20.000000;40.000000;60.000000;180.000000;200.000000;220.000000;240.000000;260.000000;280.000000;300.000000;340.000000;360.000000;380.000000;400.000000;420.000000;540.000000
-0.421260;-0.553002;-0.906584;-0.817543;-0.592065;-0.424475;-0.424475;-0.460557;-0.543851;-0.465860;-0.435035;-0.469705;-0.421260;-0.553002;-0.906584;-0.817543;-0.592065;-0.424475;-0.424475;-0.460557;-0.543851;-0.465860;-0.435035;-0.469705;-0.421260;-0.553002;-0.906584;-0.817543;-0.592065;-0.424475;-0.424475;-0.460557;-0.543851;-0.465860;-0.435035;-0.469705;-0.421260
-560.000000;-540.000000;-520.000000;-500.000000;-480.000000;-460.000000;-440.000000;-420.000000;-400.000000;-380.000000;-360.000000;-340.000000;-320.000000;-300.000000;-200.000000;-180.000000;-160.000000;-140.000000;-120.000000;-100.000000;-80.000000;-60.000000;-40.000000;-20.000000;0.000000;20.000000;40.000000;60.000000;160.000000;180.000000;200.000000;220.000000;240.000000;260.000000;280.000000;300.000000;320.000000;340.000000;360.000000;380.000000;400.000000;420.000000;520.000000;540.000000
-0.024462;-0.262541;-0.441860;-0.427390;-0.457121;-0.592065;-0.424475;-0.160679;-0.038798;-0.255059;-0.332123;-0.381079;-0.443124;-0.578608;-0.024462;-0.262541;-0.441860;-0.427390;-0.457121;-0.592065;-0.424475;-0.160679;-0.038798;-0.255059;-0.332123;-0.381079;-0.443124;-0.578608;-0.024462;-0.262541;-0.441860;-0.427390;-0.457121;-0.592065;-0.424475;-0.160679;-0.038798;-0.255059;-0.332123;-0.381079;-0.443124;-0.578608;-0.024462;-0.262541
-560.000000;-540.000000;-520.000000;-500.000000;-480.000000;-420.000000;-400.000000;-380.000000;-360.000000;-340.000000;-320.000000;-220.000000;-200.000000;-180.000000;-160.000000;-140.000000;-120.000000;-60.000000;-40.000000;-20.000000;0.000000;20.000000;40.000000;140.000000;160.000000;180.000000;200.000000;220.000000;240.000000;300.000000;320.000000;340.000000;360.000000;380.000000;400.000000;500.000000;520.000000;540.000000
-0.045695;-0.206482;-0.336558;-0.253776;-0.322177;0.103117;-0.086721;-0.218771;-0.197201;-0.163029;-0.093046;-0.088162;-0.045695;-0.206482;-0.336558;-0.253776;-0.322177;0.103117;-0.086721;-0.218771;-0.197201;-0.163029;-0.093046;-0.088162;-0.045695;-0.206482;-0.336558;-0.253776;-0.322177;0.103117;-0.086721;-0.218771;-0.197201;-0.163029;-0.093046;-0.088162;-0.045695;-0.206482
-560.000000;-540.000000;-520.000000;-400.000000;-380.000000;-360.000000;-340.000000;-220.000000;-200.000000;-180.000000;-160.000000;-40.000000;-20.000000;0.000000;20.000000;140.000000;160.000000;180.000000;200.000000;320.000000;340.000000;360.000000;380.000000;500.000000;520.000000;540.000000
0.131406;-0.293956;-0.293956;-0.173207;-0.231603;-0.193787;-0.040852;0.131406;0.131406;-0.293956;-0.293956;-0.173207;-0.231603;-0.193787;-0.040852;0.131406;0.131406;-0.293956;-0.293956;-0.173207;-0.231603;-0.193787;-0.040852;0.131406;0.131406;-0.293956
-560.000000;-540.000000;-520.000000;-500.000000;-400.000000;-380.000000;-220.000000;-200.000000;-180.000000;-160.000000;-140.000000;-40.000000;-20.000000;140.000000;160.000000;180.000000;200.000000;220.000000;320.000000;340.000000;500.000000;520.000000;540.000000
0.850265;0.727477;0.092725;0.202839;-0.163846;-0.163846;0.350974;0.850265;0.727477;0.092725;0.202839;-0.163846;-0.163846;0.350974;0.850265;0.727477;0.092725;0.202839;-0.163846;-0.163846;0.350974;0.850265;0.727477
-560.000000;-540.000000;-520.000000;-500.000000;-200.000000;-180.000000;-160.000000;-140.000000;160.000000;180.000000;200.000000;220.000000;520.000000;540.000000
0.580204;0.282204;0.049394;0.179774;0.580204;0.282204;0.049394;0.179774;0.580204;0.282204;0.049394;0.179774;0.580204;0.282204
-560.000000;-540.000000;-520.000000;-500.000000;-480.000000;-260.000000;-240.000000;-220.000000;-200.000000;-180.000000;-160.000000;-140.000000;-120.000000;100.000000;120.000000;140.000000;160.000000;180.000000;200.000000;220.000000;240.000000;460.000000;480.000000;500.000000;520.000000;540.000000
0.166383;0.089878;0.049076;0.042699;-0.071310;0.388824;0.234207;0.239173;0.166383;0.089878;0.049076;0.042699;-0.071310;0.388824;0.234207;0.239173;0.166383;0.089878;0.049076;0.042699;-0.071310;0.388824;0.234207;0.239173;0.166383;0.089878
-560.000000;-540.000000;-520.000000;-500.000000;-480.000000;-440.000000;-420.000000;-360.000000;-340.000000;-300.000000;-280.000000;-260.000000;-240.000000;-220.000000;-200.000000;-180.000000;-160.000000;-140.000000;-120.000000;-80.000000;-60.000000;0.000000;20.000000;60.000000;80.000000;100.000000;120.000000;140.000000;160.000000;180.000000;200.000000;220.000000;240.000000;280.000000;300.000000;360.000000;380.000000;420.000000;440.000000;460.000000;480.000000;500.000000;520.000000;540.000000
0.359620;0.276055;0.127577;-0.220167;-0.071310;0.316231;0.316231;0.194012;0.194012;0.436681;0.437909;0.184408;0.269836;0.390628;0.359620;0.276055;0.127577;-0.220167;-0.071310;0.316231;0.316231;0.194012;0.194012;0.436681;0.437909;0.184408;0.269836;0.390628;0.359620;0.276055;0.127577;-0.220167;-0.071310;0.316231;0.316231;0.194012;0.194012;0.436681;0.437909;0.184408;0.269836;0.390628;0.359620;0.276055
-560.000000;-540.000000;-520.000000;-500.000000;-480.000000;-440.000000;-420.000000;-400.000000;-380.000000;-360.000000;-340.000000;-320.000000;-300.000000;-280.000000;-260.000000;-240.000000;-220.000000;-200.000000;-180.000000;-160.000000;-140.000000;-120.000000;-80.000000;-60.000000;-40.000000;-20.000000;0.000000;20.000000;40.000000;60.000000;80.000000;100.000000;120.000000;140.000000;160.000000;180.000000;200.000000;220.000000;240.000000;280.000000;300.000000;320.000000;340.000000;360.000000;380.000000;400.000000;420.000000;440.000000;460.000000;480.000000;500.000000;520.000000;540.000000
0.468407;0.425025;0.143113;-0.047283;0.185241;0.125116;0.021284;-0.008555;0.162675;0.232398;0.299492;0.428075;0.406819;0.316858;0.253431;0.350188;0.440541;0.468407;0.425025;0.143113;-0.047283;0.185241;0.125116;0.021284;-0.008555;0.162675;0.232398;0.299492;0.428075;0.406819;0.316858;0.253431;0.350188;0.440541;0.468407;0.425025;0.143113;-0.047283;0.185241;0.125116;0.021284;-0.008555;0.162675;0.232398;0.299492;0.428075;0.406819;0.316858;0.253431;0.350188;0.440541;0.468407;0.425025
-560.000000;-540.000000;-520.000000;-500.000000;-480.000000;-460.000000;-440.000000;-420.000000;-400.000000;-380.000000;-360.000000;-340.000000;-320.000000;-300.000000;-280.000000;-260.000000;-240.000000;-220.000000;-200.000000;-180.000000;-160.000000;-140.000000;-120.000000;-100.000000;-80.000000;-60.000000;-40.000000;-20.000000;0.000000;20.000000;40.000000;60.000000;80.000000;100.000000;120.000000;140.000000;160.000000;180.000000;200.000000;220.000000;240.000000;260.000000;280.000000;300.000000;320.000000;340.000000;360.000000;380.000000;400.000000;420.000000;440.000000;460.000000;480.000000;500.000000;520.000000;540.000000
0.451752;0.438239;0.540368;0.200029;0.003516;-0.178208;0.064409;-0.061771;-0.070519;0.074434;0.149460;0.227092;0.359504;0.394268;0.254006;0.266230;0.360034;0.425372;0.451752;0.438239;0.540368;0.200029;0.003516;-0.178208;0.064409;-0.061771;-0.070519;0.074434;0.149460;0.227092;0.359504;0.394268;0.254006;0.266230;0.360034;0.425372;0.451752;0.438239;0.540368;0.200029;0.003516;-0.178208;0.064409;-0.061771;-0.070519;0.074434;0.149460;0.227092;0.359504;0.394268;0.254006;0.266230;0.360034;0.425372;0.451752;0.438239
-560.000000;-540.000000;-520.000000;-500.000000;-480.000000;-460.000000;-440.000000;-420.000000;-400.000000;-380.000000;-360.000000;-340.000000;-320.000000;-300.000000;-280.000000;-260.000000;-240.000000;-220.000000;-200.000000;-180.000000;-160.000000;-140.000000;-120.000000;-100.000000;-80.000000;-60.000000;-40.000000;-20.000000;0.000000;20.000000;40.000000;60.000000;80.000000;100.000000;120.000000;140.000000;160.000000;180.000000;200.000000;220.000000;240.000000;260.000000;280.000000;300.000000;320.000000;340.000000;360.000000;380.000000;400.000000;420.000000;440.000000;460.000000;480.000000;500.000000;520.000000;540.000000
0.302217;0.226898;0.302551;0.119982;0.030707;-0.338525;-0.156568;-0.170292;-0.177241;-0.085951;0.022629;0.144856;0.292734;0.172403;0.132794;0.197497;0.275481;0.325091;0.302217;0.226898;0.302551;0.119982;0.030707;-0.338525;-0.156568;-0.170292;-0.177241;-0.085951;0.022629;0.144856;0.292734;0.172403;0.132794;0.197497;0.275481;0.325091;0.302217;0.226898;0.302551;0.119982;0.030707;-0.338525;-0.156568;-0.170292;-0.177241;-0.085951;0.022629;0.144856;0.292734;0.172403;0.132794;0.197497;0.275481;0.325091;0.302217;0.226898
-560.000000;-540.000000;-520.000000;-500.000000;-480.000000;-460.000000;-440.000000;-420.000000;-400.000000;-380.000000;-360.000000;-340.000000;-320.000000;-300.000000;-280.000000;-260.000000;-240.000000;-220.000000;-200.000000;-180.000000;-160.000000;-140.000000;-120.000000;-100.000000;-80.000000;-60.000000;-40.000000;-20.000000;0.000000;20.000000;40.000000;60.000000;80.000000;100.000000;120.000000;140.000000;160.000000;180.000000;200.000000;220.000000;240.000000;260.000000;280.000000;300.000000;320.000000;340.000000;360.000000;380.000000;400.000000;420.000000;440.000000;460.000000;480.000000;500.000000;520.000000;540.000000
0.088107;0.129558;0.055426;0.119982;0.239622;-0.498841;-0.210599;-0.340181;-0.321103;-0.250697;-0.095624;0.053054;0.099306;0.106232;0.079099;0.085406;0.056218;0.053256;0.088107;0.129558;0.055426;0.119982;0.239622;-0.498841;-0.210599;-0.340181;-0.321103;-0.250697;-0.095624;0.053054;0.099306;0.106232;0.079099;0.085406;0.056218;0.053256;0.088107;0.129558;0.055426;0.119982;0.239622;-0.498841;-0.210599;-0.340181;-0.321103;-0.250697;-0.095624;0.053054;0.099306;0.106232;0.079099;0.085406;0.056218;0.053256;0.088107;0.129558
-560.000000;-540.000000;-520.000000;-500.000000;-440.000000;-420.000000;-400.000000;-380.000000;-360.000000;-340.000000;-320.000000;-300.000000;-280.000000;-260.000000;-240.000000;-220.000000;-200.000000;-180.000000;-160.000000;-140.000000;-80.000000;-60.000000;-40.000000;-20.000000;0.000000;20.000000;40.000000;60.000000;80.000000;100.000000;120.000000;140.000000;160.000000;180.000000;200.000000;220.000000;280.000000;300.000000;320.000000;340.000000;360.000000;380.000000;400.000000;420.000000;440.000000;460.000000;480.000000;500.000000;520.000000;540.000000
-0.039687;0.000526;-0.006542;0.066145;-0.390226;-0.369399;-0.351915;-0.313163;-0.222690;-0.200255;0.030078;0.103636;0.103636;-0.100755;-0.140858;-0.103377;-0.039687;0.000526;-0.006542;0.066145;-0.390226;-0.369399;-0.351915;-0.313163;-0.222690;-0.200255;0.030078;0.103636;0.103636;-0.100755;-0.140858;-0.103377;-0.039687;0.000526;-0.006542;0.066145;-0.390226;-0.369399;-0.351915;-0.313163;-0.222690;-0.200255;0.030078;0.103636;0.103636;-0.100755;-0.140858;-0.103377;-0.039687;0.000526
-560.000000;-540.000000;-520.000000;-500.000000;-440.000000;-420.000000;-400.000000;-380.000000;-360.000000;-260.000000;-240.000000;-220.000000;-200.000000;-180.000000;-160.000000;-140.000000;-80.000000;-60.000000;-40.000000;-20.000000;0.000000;100.000000;120.000000;140.000000;160.000000;180.000000;200.000000;220.000000;280.000000;300.000000;320.000000;340.000000;360.000000;460.000000;480.000000;500.000000;520.000000;540.000000
-0.186105;-0.248186;0.066145;0.066145;-0.816196;-0.398064;-0.395891;-0.410211;-0.474100;-0.188227;-0.293705;-0.272545;-0.186105;-0.248186;0.066145;0.066145;-0.816196;-0.398064;-0.395891;-0.410211;-0.474100;-0.188227;-0.293705;-0.272545;-0.186105;-0.248186;0.066145;0.066145;-0.816196;-0.398064;-0.395891;-0.410211;-0.474100;-0.188227;-0.293705;-0.272545;-0.186105;-0.248186
-500.000000;-480.000000;-360.000000;-340.000000;-320.000000;-300.000000;-140.000000;-120.000000;0.000000;20.000000;40.000000;60.000000;220.000000;240.000000;360.000000;380.000000;400.000000
-0.892702;-0.892702;-0.537305;-0.376628;-0.412026;-0.454854;-0.892702;-0.892702;-0.537305;-0.376628;-0.412026;-0.454854;-0.892702;-0.892702;-0.537305;-0.376628;-0.412026
-540.000000;-520.000000;-500.000000;-480.000000;-460.000000;-440.000000;-420.000000;-380.000000;-360.000000;-340.000000;-320.000000;-300.000000;-180.000000;-160.000000;-140.000000;-120.000000;-100.000000;-80.000000;-60.000000;-20.000000;0.000000;20.000000;40.000000;60.000000;180.000000;200.000000;220.000000;240.000000;260.000000;280.000000;300.000000;340.000000;360.000000;380.000000;400.000000;420.000000;540.000000
-0.421260;-0.553002;-0.906584;-0.817543;-0.592065;-0.424475;-0.424475;-0.460557;-0.543851;-0.465860;-0.435035;-0.469705;-0.421260;-0.553002;-0.906584;-0.817543;-0.592065;-0.424475;-0.424475;-0.460557;-0.543851;-0.465860;-0.435035;-0.469705;-0.421260;-0.553002;-0.906584;-0.817543;-0.592065;-0.424475;-0.424475;-0.460557;-0.543851;-0.465860;-0.435035;-0.469705;-0.421260
-560.000000;-540.000000;-520.000000;-500.000000;-480.000000;-460.000000;-440.000000;-420.000000;-400.000000;-380.000000;-360.000000;-340.000000;-320.000000;-300.000000;-200.000000;-180.000000;-160.000000;-140.000000;-120.000000;-100.000000;-80.000000;-60.000000;-40.000000;-20.000000;0.000000;20.000000;40.000000;60.000000;160.000000;180.000000;200.000000;220.000000;240.000000;260.000000;280.000000;300.000000;320.000000;340.000000;360.000000;380.000000;400.000000;420.000000;520.000000;540.000000
-0.024462;-0.262541;-0.441860;-0.427390;-0.457121;-0.592065;-0.424475;-0.160679;-0.038798;-0.255059;-0.332123;-0.381079;-0.443124;-0.578608;-0.024462;-0.262541;-0.441860;-0.427390;-0.457121;-0.592065;-0.424475;-0.160679;-0.038798;-0.255059;-0.332123;-0.381079;-0.443124;-0.578608;-0.024462;-0.262541;-0.441860;-0.427390;-0.457121;-0.592065;-0.424475;-0.160679;-0.038798;-0.255059;-0.332123;-0.381079;-0.443124;-0.578608;-0.024462;-0.262541
-560.000000;-540.000000;-520.000000;-500.000000;-480.000000;-420.000000;-400.000000;-380.000000;-360.000000;-340.000000;-320.000000;-220.000000;-200.000000;-180.000000;-160.000000;-140.000000;-120.000000;-60.000000;-40.000000;-20.000000;0.000000;20.000000;40.000000;140.000000;160.000000;180.000000;200.000000;220.000000;240.000000;300.000000;320.000000;340.000000;360.000000;380.000000;400.000000;500.000000;520.000000;540.000000
-0.045695;-0.206482;-0.336558;-0.253776;-0.322177;0.103117;-0.086721;-0.218771;-0.197201;-0.163029;-0.093046;-0.088162;-0.045695;-0.206482;-0.336558;-0.253776;-0.322177;0.103117;-0.086721;-0.218771;-0.197201;-0.163029;-0.093046;-0.088162;-0.045695;-0.206482;-0.336558;-0.253776;-0.322177;0.103117;-0.086721;-0.218771;-0.197201;-0.163029;-0.093046;-0.088162;-0.045695;-0.206482
-560.000000;-540.000000;-520.000000;-400.000000;-380.000000;-360.000000;-340.000000;-220.000000;-200.000000;-180.000000;-160.000000;-40.000000;-20.000000;0.000000;20.000000;140.000000;160.000000;180.000000;200.000000;320.000000;340.000000;360.000000;380.000000;500.000000;520.000000;540.000000
0.131406;-0.293956;-0.293956;-0.173207;-0.231603;-0.193787;-0.040852;0.131406;0.131406;-0.293956;-0.293956;-0.173207;-0.231603;-0.193787;-0.040852;0.131406;0.131406;-0.293956;-0.293956;-0.173207;-0.231603;-0.193787;-0.040852;0.131406;0.131406;-0.293956
-560.000000;-540.000000;-520.000000;-500.000000;-400.000000;-380.000000;-220.000000;-200.000000;-180.000000;-160.000000;-140.000000;-40.000000;-20.000000;140.000000;160.000000;180.000000;200.000000;220.000000;320.000000;340.000000;500.000000;520.000000;540.000000
0.850265;0.727477;0.092725;0.202839;-0.163846;-0.163846;0.350974;0.850265;0.727477;0.092725;0.202839;-0.163846;-0.163846;0.350974;0.850265;0.727477;0.092725;0.202839;-0.163846;-0.163846;0.350974;0.850265;0.727477
-560.000000;-540.000000;-520.000000;-500.000000;-200.000000;-180.000000;-160.000000;-140.000000;160.000000;180.000000;200.000000;220.000000;520.000000;540.000000
0.580204;0.282204;0.049394;0.179774;0.580204;0.282204;0.049394;0.179774;0.580204;0.282204;0.049394;0.179774;0.580204;0.282204
-560.000000;-540.000000;-520.000000;-500.000000;-480.000000;-260.000000;-240.000000;-220.000000;-200.000000;-180.000000;-160.000000;-140.000000;-120.000000;100.000000;120.000000;140.000000;160.000000;180.000000;200.000000;220.000000;240.000000;460.000000;480.000000;500.000000;520.000000;540.000000
0.166383;0.089878;0.049076;0.042699;-0.071310;0.388824;0.234207;0.239173;0.166383;0.089878;0.049076;0.042699;-0.071310;0.388824;0.234207;0.239173;0.166383;0.089878;0.049076;0.042699;-0.071310;0.388824;0.234207;0.239173;0.166383;0.089878
-560.000000;-540.000000;-520.000000;-500.000000;-480.000000;-440.000000;-420.000000;-360.000000;-340.000000;-300.000000;-280.000000;-260.000000;-240.000000;-220.000000;-200.000000;-180.000000;-160.000000;-140.000000;-120.000000;-80.000000;-60.000000;0.000000;20.000000;60.000000;80.000000;100.000000;120.000000;140.000000;160.000000;180.000000;200.000000;220.000000;240.000000;280.000000;300.000000;360.000000;380.000000;420.000000;440.000000;460.000000;480.000000;500.000000;520.000000;540.000000
0.359620;0.276055;0.127577;-0.220167;-0.071310;0.316231;0.316231;0.194012;0.194012;0.436681;0.437909;0.184408;0.269836;0.390628;0.359620;0.276055;0.127577;-0.220167;-0.071310;0.316231;0.316231;0.194012;0.194012;0.436681;0.437909;0.184408;0.269836;0.390628;0.359620;0.276055;0.127577;-0.220167;-0.071310;0.316231;0.316231;0.194012;0.194012;0.436681;0.437909;0.184408;0.269836;0.390628;0.359620;0.276055
-560.000000;-540.000000;-520.000000;-500.000000;-480.000000;-440.000000;-420.000000;-400.000000;-380.000000;-360.000000;-340.000000;-320.000000;-300.000000;-280.000000;-260.000000;-240.000000;-220.000000;-200.000000;-180.000000;-160.000000;-140.000000;-120.000000;-80.000000;-60.000000;-40.000000;-20.000000;0.000000;20.000000;40.000000;60.000000;80.000000;100.000000;120.000000;140.000000;160.000000;180.000000;200.000000;220.000000;240.000000;280.000000;300.000000;320.000000;340.000000;360.000000;380.000000;400.000000;420.000000;440.000000;460.000000;480.000000;500.000000;520.000000;540.000000
0.468407;0.425025;0.143113;-0.047283;0.185241;0.125116;0.021284;-0.008555;0.162675;0.232398;0.299492;0.428075;0.406819;0.316858;0.253431;0.350188;0.440541;0.468407;0.425025;0.143113;-0.047283;0.185241;0.125116;0.021284;-0.008555;0.162675;0.232398;0.299492;0.428075;0.406819;0.316858;0.253431;0.350188;0.440541;0.468407;0.425025;0.143113;-0.047283;0.185241;0.125116;0.021284;-0.008555;0.162675;0.232398;0.299492;0.428075;0.406819;0.316858;0.253431;0.350188;0.440541;0.468407;0.425025
-560.000000;-540.000000;-520.000000;-500.000000;-480.000000;-460.000000;-440.000000;-420.000000;-400.000000;-380.000000;-360.000000;-340.000000;-320.000000;-300.000000;-280.000000;-260.000000;-240.000000;-220.000000;-200.000000;-180.000000;-160.000000;-140.000000;-120.000000;-100.000000;-80.000000;-60.000000;-40.000000;-20.000000;0.000000;20.000000;40.000000;60.000000;80.000000;100.000000;120.000000;140.000000;160.000000;180.000000;200.000000;220.000000;240.000000;260.000000;280.000000;300.000000;320.000000;340.000000;360.000000;380.000000;400.000000;420.000000;440.000000;460.000000;480.000000;500.000000;520.000000;540.000000
0.451752;0.438239;0.540368;0.200029;0.003516;-0.178208;0.064409;-0.061771;-0.070519;0.074434;0.149460;0.227092;0.359504;0.394268;0.254006;0.266230;0.360034;0.425372;0.451752;0.438239;0.540368;0.200029;0.003516;-0.178208;0.064409;-0.061771;-0.070519;0.074434;0.149460;0.227092;0.359504;0.394268;0.254006;0.266230;0.360034;0.425372;0.451752;0.438239;0.540368;0.200029;0.003516;-0.178208;0.064409;-0.061771;-0.070519;0.074434;0.149460;0.227092;0.359504;0.394268;0.254006;0.266230;0.360034;0.425372;0.451752;0.438239
-560.000000;-540.000000;-520.000000;-500.000000;-480.000000;-460.000000;-440.000000;-420.000000;-400.000000;-380.000000;-360.000000;-340.000000;-320.000000;-300.000000;-280.000000;-260.000000;-240.000000;-220.000000;-200.000000;-180.000000;-160.000000;-140.000000;-120.000000;-100.000000;-80.000000;-60.000000;-40.000000;-20.000000;0.000000;20.000000;40.000000;60.000000;80.000000;100.000000;120.000000;140.000000;160.000000;180.000000;200.000000;220.000000;240.000000;260.000000;280.000000;300.000000;320.000000;340.000000;360.000000;380.000000;400.000000;420.000000;440.000000;460.000000;480.000000;500.000000;520.000000;540.000000
0.302217;0.226898;0.302551;0.119982;0.030707;-0.338525;-0.156568;-0.170292;-0.177241;-0.085951;0.022629;0.144856;0.292734;0.172403;0.132794;0.197497;0.275481;0.325091;0.302217;0.226898;0.302551;0.119982;0.030707;-0.338525;-0.156568;-0.170292;-0.177241;-0.085951;0.022629;0.144856;0.292734;0.172403;0.132794;0.197497;0.275481;0.325091;0.302217;0.226898;0.302551;0.119982;0.030707;-0.338525;-0.156568;-0.170292;-0.177241;-0.085951;0.022629;0.144856;0.292734;0.172403;0.132794;0.197497;0.275481;0.325091;0.302217;0.226898
-560.000000;-540.000000;-520.000000;-500.000000;-480.000000;-460.000000;-440.000000;-420.000000;-400.000000;-380.000000;-360.000000;-340.000000;-320.000000;-300.000000;-280.000000;-260.000000;-240.000000;-220.000000;-200.000000;-180.000000;-160.000000;-140.000000;-120.000000;-100.000000;-80.000000;-60.000000;-40.000000;-20.000000;0.000000;20.000000;40.000000;60.000000;80.000000;100.000000;120.000000;140.000000;160.000000;180.000000;200.000000;220.000000;240.000000;260.000000;280.000000;300.000000;320.000000;340.000000;360.000000;380.000000;400.000000;420.000000;440.000000;460.000000;480.000000;500.000000;520.000000;540.000000
0.088107;0.129558;0.055426;0.119982;0.239622;-0.498841;-0.210599;-0.340181;-0.321103;-0.250697;-0.095624;0.053054;0.099306;0.106232;0.079099;0.085406;0.056218;0.053256;0.088107;0.129558;0.055426;0.119982;0.239622;-0.498841;-0.210599;-0.340181;-0.321103;-0.250697;-0.095624;0.053054;0.099306;0.106232;0.079099;0.085406;0.056218;0.053256;0.088107;0.129558;0.055426;0.119982;0.239622;-0.498841;-0.210599;-0.340181;-0.321103;-0.250697;-0.095624;0.053054;0.099306;0.106232;0.079099;0.085406;0.056218;0.053256;0.088107;0.129558
-560.000000;-540.000000;-520.000000;-500.000000;-440.000000;-420.000000;-400.000000;-380.000000;-360.000000;-340.000000;-320.000000;-300.000000;-280.000000;-260.000000;-240.000000;-220.000000;-200.000000;-180.000000;-160.000000;-140.000000;-80.000000;-60.000000;-40.000000;-20.000000;0.000000;20.000000;40.000000;60.000000;80.000000;100.000000;120.000000;140.000000;160.000000;180.000000;200.000000;220.000000;280.000000;300.000000;320.000000;340.000000;360.000000;380.000000;400.000000;420.000000;440.000000;460.000000;480.000000;500.000000;520.000000;540.000000
-0.039687;0.000526;-0.006542;0.066145;-0.390226;-0.369399;-0.351915;-0.313163;-0.222690;-0.200255;0.030078;0.103636;0.103636;-0.100755;-0.140858;-0.103377;-0.039687;0.000526;-0.006542;0.066145;-0.390226;-0.369399;-0.351915;-0.313163;-0.222690;-0.200255;0.030078;0.103636;0.103636;-0.100755;-0.140858;-0.103377;-0.039687;0.000526;-0.006542;0.066145;-0.390226;-0.369399;-0.351915;-0.313163;-0.222690;-0.200255;0.030078;0.103636;0.103636;-0.100755;-0.140858;-0.103377;-0.039687;0.000526
-560.000000;-540.000000;-520.000000;-500.000000;-440.000000;-420.000000;-400.000000;-380.000000;-360.000000;-260.000000;-240.000000;-220.000000;-200.000000;-180.000000;-160.000000;-140.000000;-80.000000;-60.000000;-40.000000;-20.000000;0.000000;100.000000;120.000000;140.000000;160.000000;180.000000;200.000000;220.000000;280.000000;300.000000;320.000000;340.000000;360.000000;460.000000;480.000000;500.000000;520.000000;540.000000
-0.186105;-0.248186;0.066145;0.066145;-0.816196;-0.398064;-0.395891;-0.410211;-0.474100;-0.188227;-0.293705;-0.272545;-0.186105;-0.248186;0.066145;0.066145;-0.816196;-0.398064;-0.395891;-0.410211;-0.474100;-0.188227;-0.293705;-0.272545;-0.186105;-0.248186;0.066145;0.066145;-0.816196;-0.398064;-0.395891;-0.410211;-0.474100;-0.188227;-0.293705;-0.272545;-0.186105;-0.248186
-500.000000;-480.000000;-360.000000;-340.000000;-320.000000;-300.000000;-140.000000;-120.000000;0.000000;20.000000;40.000000;60.000000;220.000000;240.000000;360.000000;380.000000;400.000000
-0.892702;-0.892702;-0.537305;-0.376628;-0.412026;-0.454854;-0.892702;-0.892702;-0.537305;-0.376628;-0.412026;-0.454854;-0.892702;-0.892702;-0.537305;-0.376628;-0.412026
-540.000000;-520.000000;-500.000000;-480.000000;-460.000000;-440.000000;-420.000000;-380.000000;-360.000000;-340.000000;-320.000000;-300.000000;-180.000000;-160.000000;-140.000000;-120.000000;-100.000000;-80.000000;-60.000000;-20.000000;0.000000;20.000000;40.000000;60.000000;180.000000;200.000000;220.000000;240.000000;260.000000;280.000000;300.000000;340.000000;360.000000;380.000000;400.000000;420.000000;540.000000
-0.421260;-0.553002;-0.906584;-0.817543;-0.592065;-0.424475;-0.424475;-0.460557;-0.543851;-0.465860;-0.435035;-0.469705;-0.421260;-0.553002;-0.906584;-0.817543;-0.592065;-0.424475;-0.424475;-0.460557;-0.543851;-0.465860;-0.435035;-0.469705;-0.421260;-0.553002;-0.906584;-0.817543;-0.592065;-0.424475;-0.424475;-0.460557;-0.543851;-0.465860;-0.435035;-0.469705;-0.421260
-560.000000;-540.000000;-520.000000;-500.000000;-480.000000;-460.000000;-440.000000;-420.000000;-400.000000;-380.000000;-360.000000;-340.000000;-320.000000;-300.000000;-200.000000;-180.000000;-160.000000;-140.000000;-120.000000;-100.000000;-80.000000;-60.000000;-40.000000;-20.000000;0.000000;20.000000;40.000000;60.000000;160.000000;180.000000;200.000000;220.000000;240.000000;260.000000;280.000000;300.000000;320.000000;340.000000;360.000000;380.000000;400.000000;420.000000;520.000000;540.000000
-0.024462;-0.262541;-0.441860;-0.427390;-0.457121;-0.592065;-0.424475;-0.160679;-0.038798;-0.255059;-0.332123;-0.381079;-0.443124;-0.578608;-0.024462;-0.262541;-0.441860;-0.427390;-0.457121;-0.592065;-0.424475;-0.160679;-0.038798;-0.255059;-0.332123;-0.381079;-0.443124;-0.578608;-0.024462;-0.262541;-0.441860;-0.427390;-0.457121;-0.592065;-0.424475;-0.160679;-0.038798;-0.255059;-0.332123;-0.381079;-0.443124;-0.578608;-0.024462;-0.262541
-560.000000;-540.000000;-520.000000;-500.000000;-480.000000;-420.000000;-400.000000;-380.000000;-360.000000;-340.000000;-320.000000;-220.000000;-200.000000;-180.000000;-160.000000;-140.000000;-120.000000;-60.000000;-40.000000;-20.000000;0.000000;20.000000;40.000000;140.000000;160.000000;180.000000;200.000000;220.000000;240.000000;300.000000;320.000000;340.000000;360.000000;380.000000;400.000000;500.000000;520.000000;540.000000
-0.045695;-0.206482;-0.336558;-0.253776;-0.322177;0.103117;-0.086721;-0.218771;-0.197201;-0.163029;-0.093046;-0.088162;-0.045695;-0.206482;-0.336558;-0.253776;-0.322177;0.103117;-0.086721;-0.218771;-0.197201;-0.163029;-0.093046;-0.088162;-0.045695;-0.206482;-0.336558;-0.253776;-0.322177;0.103117;-0.086721;-0.218771;-0.197201;-0.163029;-0.093046;-0.088162;-0.045695;-0.206482
-560.000000;-540.000000;-520.000000;-400.000000;-380.000000;-360.000000;-340.000000;-220.000000;-200.000000;-180.000000;-160.000000;-40.000000;-20.000000;0.000000;20.000000;140.000000;160.000000;180.000000;200.000000;320.000000;340.000000;360.000000;380.000000;500.000000;520.000000;540.000000
0.131406;-0.293956;-0.293956;-0.173207;-0.231603;-0.193787;-0.040852;0.131406;0.131406;-0.293956;-0.293956;-0.173207;-0.231603;-0.193787;-0.040852;0.131406;0.131406;-0.293956;-0.293956;-0.173207;-0.231603;-0.193787;-0.040852;0.131406;0.131406;-0.293956
-560.000000;-540.000000;-520.000000;-500.000000;-400.000000;-380.000000;-220.000000;-200.000000;-180.000000;-160.000000;-140.000000;-40.000000;-20.000000;140.000000;160.000000;180.000000;200.000000;220.000000;320.000000;340.000000;500.000000;520.000000;540.000000
0.850265;0.727477;0.092725;0.202839;-0.163846;-0.163846;0.350974;0.850265;0.727477;0.092725;0.202839;-0.163846;-0.163846;0.350974;0.850265;0.727477;0.092725;0.202839;-0.163846;-0.163846;0.350974;0.850265;0.727477
-560.000000;-540.000000;-520.000000;-500.000000;-200.000000;-180.000000;-160.000000;-140.000000;160.000000;180.000000;200.000000;220.000000;520.000000;540.000000
0.580204;0.282204;0.049394;0.179774;0.580204;0.282204;0.049394;0.179774;0.580204;0.282204;0.049394;0.179774;0.580204;0.282204
-560.000000;-540.000000;-520.000000;-500.000000;-480.000000;-260.000000;-240.000000;-220.000000;-200.000000;-180.000000;-160.000000;-140.000000;-120.000000;100.000000;120.000000;140.000000;160.000000;180.000000;200.000000;220.000000;240.000000;460.000000;480.000000;500.000000;520.000000;540.000000
0.166383;0.089878;0.049076;0.042699;-0.071310;0.388824;0.234207;0.239173;0.166383;0.089878;0.049076;0.042699;-0.071310;0.388824;0.234207;0.239173;0.166383;0.089878;0.049076;0.042699;-0.071310;0.388824;0.234207;0.239173;0.166383;0.089878
-560.000000;-540.000000;-520.000000;-500.000000;-480.000000;-440.000000;-420.000000;-360.000000;-340.000000;-300.000000;-280.000000;-260.000000;-240.000000;-220.000000;-200.000000;-180.000000;-160.000000;-140.000000;-120.000000;-80.000000;-60.000000;0.000000;20.000000;60.000000;80.000000;100.000000;120.000000;140.000000;160.000000;180.000000;200.000000;220.000000;240.000000;280.000000;300.000000;360.000000;380.000000;420.000000;440.000000;460.000000;480.000000;500.000000;520.000000;540.000000
0.359620;0.276055;0.127577;-0.220167;-0.071310;0.316231;0.316231;0.194012;0.194012;0.436681;0.437909;0.184408;0.269836;0.390628;0.359620;0.276055;0.127577;-0.220167;-0.071310;0.316231;0.316231;0.194012;0.194012;0.436681;0.437909;0.184408;0.269836;0.390628;0.359620;0.276055;0.127577;-0.220167;-0.071310;0.316231;0.316231;0.194012;0.194012;0.436681;0.437909;0.184408;0.269836;0.390628;0.359620;0.276055
