-180.000000;-160.000000;-140.000000;-120.000000;-100.000000;-80.000000;-60.000000;-40.000000;-20.000000;0.000000;20.000000;40.000000;60.000000;80.000000;100.000000;120.000000;140.000000;160.000000;180.000000
A;C;D;E;F;G;H;I;K;L;M;N;P;Q;R;S;T;V;W;Y
-0.051643;-0.007482;0.079566;0.174959;0.161279;0.038701;0.017736;0.022299;0.000000;0.000000;0.000000;-0.011227;-0.084431;-0.157634;0.000000;0.000000;-0.048257;-0.048257;-0.051643
0.238940;-0.081098;-0.000978;0.082792;-0.042086;-0.050089;-0.059371;-0.346912;0.000000;0.000000;0.000000;0.244651;-0.064076;-0.372803;0.000000;0.000000;0.000000;0.000000;0.238940
-0.242481;-0.223134;-0.102698;0.105923;0.081531;0.068223;0.088237;0.177395;0.000000;0.000000;0.000000;0.258707;0.303479;0.437797;0.000000;0.000000;0.000000;0.000000;-0.242481
0.481546;0.137627;0.088770;0.123121;0.093994;0.009583;-0.018061;-0.044053;0.000000;0.000000;0.000000;0.000000;-0.037526;-0.037526;0.000000;0.000000;0.000000;0.000000;0.481546
0.000000;-0.168483;-0.117826;-0.073511;-0.098662;-0.180508;-0.232063;-0.301131;0.000000;0.000000;0.000000;0.000000;0.000000;0.000000;0.000000;0.000000;0.000000;0.000000;0.000000
0.012457;-0.020260;-0.038390;-0.029287;-0.016035;-0.019621;0.043529;0.409541;0.000000;0.000000;0.428948;0.599880;0.517794;0.330028;0.248789;0.200151;-0.324913;-0.088422;0.012457
-0.346509;-0.223342;-0.109222;-0.055737;-0.055188;-0.135235;-0.243084;-0.349963;0.000000;0.000000;-0.096451;-0.185914;-0.181856;-0.135096;0.000000;0.000000;0.000000;0.000000;-0.346509
0.000000;0.031374;0.227061;0.133597;0.069246;-0.008750;-0.100802;-0.119661;0.000000;0.000000;0.000000;0.000000;0.000000;0.000000;0.000000;0.000000;0.000000;0.000000;0.000000
-0.109760;-0.024041;0.053077;0.066134;0.057913;0.039315;0.000071;-0.026622;0.873516;0.000000;0.000000;0.061959;0.061959;0.000000;0.000000;0.000000;0.000000;0.000000;-0.109760
0.044572;-0.075435;0.171401;0.201970;0.137264;0.047135;0.013932;-0.031702;0.000000;0.000000;0.000000;-0.158827;-0.158827;0.000000;0.000000;0.000000;0.000000;0.000000;0.044572
-0.285343;-0.023293;0.076896;0.040820;-0.093141;-0.056680;-0.059481;-0.181567;0.000000;0.000000;0.000000;0.000000;0.000000;0.000000;0.000000;0.000000;0.000000;0.000000;-0.285343
-0.504076;-0.127951;0.021598;0.057162;-0.001226;-0.013463;-0.047506;-0.160693;0.000000;0.000000;0.000000;-0.065717;-0.005442;0.145246;0.000000;0.000000;0.000000;0.000000;-0.504076
0.000000;0.000000;0.000000;0.000000;0.255204;0.207491;0.193978;0.180040;0.000000;0.000000;0.000000;0.000000;0.000000;0.000000;0.000000;0.000000;0.000000;0.000000;0.000000
0.176333;0.031372;-0.051601;0.088961;0.079264;0.020320;0.024997;0.003894;0.000000;0.000000;0.000000;-0.546793;-0.286032;-0.090461;0.000000;0.000000;0.000000;0.000000;0.176333
0.004839;0.027789;0.057348;0.077085;0.068958;-0.013215;-0.049756;-0.050195;0.000000;0.000000;0.000000;-0.129991;0.037816;0.093751;0.000000;0.000000;0.000000;0.000000;0.004839
0.128504;-0.085505;-0.069434;0.063120;0.116204;0.048626;0.022506;0.025043;0.000000;0.000000;0.000000;-0.236289;-0.186792;0.056300;0.000000;0.000000;0.000000;0.000000;0.128504
-0.282126;-0.031626;0.058154;0.042564;0.028308;-0.031338;-0.116783;-0.079469;0.000000;0.000000;0.000000;0.000000;0.000000;0.000000;0.000000;0.000000;0.000000;0.000000;-0.282126
0.000000;0.077688;0.111695;0.093326;0.032948;-0.088834;-0.126094;-0.140267;-0.190769;0.000000;0.000000;0.000000;0.000000;0.000000;0.000000;0.000000;0.000000;0.000000;0.000000
-0.662361;-0.128522;0.049424;-0.268733;-0.213950;-0.305532;-0.310815;-0.049787;0.000000;0.000000;0.000000;0.000000;-0.777271;-0.777271;0.000000;0.000000;0.000000;0.000000;-0.662361
0.000000;-0.134696;-0.122619;-0.134662;-0.160284;-0.209089;-0.209757;-0.084436;0.000000;0.000000;0.000000;-0.435650;-0.556759;-0.564826;-0.451783;0.000000;0.000000;0.000000;0.000000
