HB psi phi
-0.00581440239403
-0.0487355;-0.219352;-0.118797916667;0.00461185714286;0.00532826666667;-0.0305706153846;-0.0608501538462;-0.0547945714286;0.1793945;0.320133;-0.0487355;-0.219352;-0.118797916667;0.00461185714286;0.00532826666667;-0.0305706153846;-0.0608501538462;-0.0547945714286;0.1793945;0.320133;-0.0487355;-0.219352;-0.118797916667;0.00461185714286;0.00532826666667;-0.0305706153846;-0.0608501538462;-0.0547945714286;0.1793945;0.320133;-0.0487355;-0.219352
N/A
N/A
N/A
-540.0;-520.0;-500.0;-480.0;-460.0;-440.0;-420.0;-400.0;-320.0;-300.0;-180.0;-160.0;-140.0;-120.0;-100.0;-80.0;-60.0;-40.0;40.0;60.0;180.0;200.0;220.0;240.0;260.0;280.0;300.0;320.0;400.0;420.0;540.0;560.0
-560.0;-540.0;-220.0;-200.0;-180.0;140.0;160.0;180.0;500.0;520.0
-0.0911;0.027404;-0.15865;-0.0911;0.027404;-0.15865;-0.0911;0.027404;-0.15865;-0.0911
-560.0;-540.0;-520.0;-260.0;-240.0;-220.0;-200.0;-180.0;-160.0;100.0;120.0;140.0;160.0;180.0;240.0;460.0;480.0;500.0;520.0;540.0
-0.218981;-0.152849;-0.521155;-0.04058;-0.187828;-0.261222;-0.218981;-0.152849;-0.521155;-0.04058;-0.187828;-0.261222;-0.218981;-0.152849;-0.521155;-0.04058;-0.187828;-0.261222;-0.218981;-0.152849
-560.0;-540.0;-520.0;-420.0;-400.0;-360.0;-340.0;-280.0;-260.0;-240.0;-220.0;-200.0;-180.0;-160.0;-60.0;-40.0;0.0;20.0;80.0;100.0;120.0;140.0;160.0;180.0;240.0;300.0;320.0;360.0;380.0;440.0;460.0;480.0;500.0;520.0;540.0
-0.173357;-0.105803;-0.097804;-0.004479;-0.004479;0.010771;-0.013765;-0.267935;-0.217214;-0.230531;-0.215176;-0.173357;-0.105803;-0.097804;-0.004479;-0.004479;0.010771;-0.013765;-0.267935;-0.217214;-0.230531;-0.215176;-0.173357;-0.105803;-0.097804;-0.004479;-0.004479;0.010771;-0.013765;-0.267935;-0.217214;-0.230531;-0.215176;-0.173357;-0.105803
-560.0;-540.0;-520.0;-500.0;-420.0;-400.0;-380.0;-360.0;-340.0;-280.0;-260.0;-240.0;-220.0;-200.0;-180.0;-160.0;-140.0;-60.0;-40.0;-20.0;0.0;20.0;80.0;100.0;120.0;140.0;160.0;180.0;240.0;300.0;320.0;340.0;360.0;380.0;440.0;460.0;480.0;500.0;520.0;540.0
-0.112159;-0.018958;0.160971;0.340455;0.012293;0.073319;0.113817;0.098925;0.078874;-0.180528;-0.123935;-0.178792;-0.180758;-0.112159;-0.018958;0.160971;0.340455;0.012293;0.073319;0.113817;0.098925;0.078874;-0.180528;-0.123935;-0.178792;-0.180758;-0.112159;-0.018958;0.160971;0.012293;0.073319;0.113817;0.098925;0.078874;-0.180528;-0.123935;-0.178792;-0.180758;-0.112159;-0.018958
-560.0;-540.0;-520.0;-500.0;-440.0;-420.0;-400.0;-380.0;-360.0;-340.0;-280.0;-260.0;-240.0;-220.0;-200.0;-180.0;-160.0;-140.0;-80.0;-60.0;-40.0;-20.0;0.0;20.0;80.0;100.0;120.0;140.0;160.0;180.0;240.0;280.0;300.0;320.0;340.0;360.0;380.0;440.0;460.0;480.0;500.0;520.0;540.0
-0.047564;0.065192;0.254107;0.340455;-0.295583;-0.0809;0.010718;0.060783;0.068418;0.093449;-0.133861;-0.057885;-0.119052;-0.143545;-0.047564;0.065192;0.254107;0.340455;-0.295583;-0.0809;0.010718;0.060783;0.068418;0.093449;-0.133861;-0.057885;-0.119052;-0.143545;-0.047564;0.065192;0.254107;-0.295583;-0.0809;0.010718;0.060783;0.068418;0.093449;-0.133861;-0.057885;-0.119052;-0.143545;-0.047564;0.065192
-560.0;-540.0;-440.0;-420.0;-400.0;-380.0;-360.0;-340.0;-280.0;-260.0;-240.0;-220.0;-200.0;-180.0;-80.0;-60.0;-40.0;-20.0;0.0;20.0;80.0;100.0;120.0;140.0;160.0;180.0;280.0;300.0;320.0;340.0;360.0;380.0;440.0;460.0;480.0;500.0;520.0
-0.007949;0.089034;-0.151979;-0.036135;-0.030164;-0.029865;-0.042654;-0.006812;-0.025742;-0.027085;-0.114747;-0.102354;-0.007949;0.089034;-0.151979;-0.036135;-0.030164;-0.029865;-0.042654;-0.006812;-0.025742;-0.027085;-0.114747;-0.102354;-0.007949;0.089034;-0.151979;-0.036135;-0.030164;-0.029865;-0.042654;-0.006812;-0.025742;-0.027085;-0.114747;-0.102354;-0.007949
-560.0;-540.0;-440.0;-420.0;-400.0;-380.0;-360.0;-340.0;-280.0;-260.0;-240.0;-220.0;-200.0;-180.0;-80.0;-60.0;-40.0;-20.0;0.0;20.0;80.0;100.0;120.0;140.0;160.0;180.0;280.0;300.0;320.0;340.0;360.0;380.0;440.0;460.0;480.0;500.0;520.0
-0.061568;-0.205122;0.021009;-0.039289;-0.036611;-0.043401;-0.109616;0.042433;0.016884;0.070821;-0.134491;-0.106979;-0.061568;-0.205122;0.021009;-0.039289;-0.036611;-0.043401;-0.109616;0.042433;0.016884;0.070821;-0.134491;-0.106979;-0.061568;-0.205122;0.021009;-0.039289;-0.036611;-0.043401;-0.109616;0.042433;0.016884;0.070821;-0.134491;-0.106979;-0.061568
-560.0;-420.0;-400.0;-380.0;-360.0;-240.0;-220.0;-200.0;-60.0;-40.0;-20.0;0.0;120.0;140.0;160.0;300.0;320.0;340.0;360.0;480.0;500.0
-0.135479;-0.056247;-0.04924;-0.027819;0.137096;-0.122437;-0.129436;-0.135479;-0.056247;-0.04924;-0.027819;0.137096;-0.122437;-0.129436;-0.135479;-0.056247;-0.04924;-0.027819;0.137096;-0.122437;-0.129436
-340.0;-320.0;-280.0;-260.0;20.0;40.0;80.0;100.0;380.0;400.0;440.0
0.371389;0.384237;-0.019024;-0.019024;0.371389;0.384237;-0.019024;-0.019024;0.371389;0.384237;-0.019024
-340.0;-320.0;-300.0;-280.0;-260.0;20.0;40.0;60.0;80.0;100.0;380.0;400.0;420.0;440.0
0.371389;0.384237;0.648731;0.215332;-0.019024;0.371389;0.384237;0.648731;0.215332;-0.019024;0.371389;0.384237;0.648731;0.215332
-560.0;-540.0;-220.0;-200.0;-180.0;140.0;160.0;180.0;500.0;520.0
-0.0911;0.027404;-0.15865;-0.0911;0.027404;-0.15865;-0.0911;0.027404;-0.15865;-0.0911
-560.0;-540.0;-520.0;-260.0;-240.0;-220.0;-200.0;-180.0;-160.0;100.0;120.0;140.0;160.0;180.0;240.0;460.0;480.0;500.0;520.0;540.0
-0.218981;-0.152849;-0.521155;-0.04058;-0.187828;-0.261222;-0.218981;-0.152849;-0.521155;-0.04058;-0.187828;-0.261222;-0.218981;-0.152849;-0.521155;-0.04058;-0.187828;-0.261222;-0.218981;-0.152849
-560.0;-540.0;-520.0;-420.0;-400.0;-360.0;-340.0;-280.0;-260.0;-240.0;-220.0;-200.0;-180.0;-160.0;-60.0;-40.0;0.0;20.0;80.0;100.0;120.0;140.0;160.0;180.0;240.0;300.0;320.0;360.0;380.0;440.0;460.0;480.0;500.0;520.0;540.0
-0.173357;-0.105803;-0.097804;-0.004479;-0.004479;0.010771;-0.013765;-0.267935;-0.217214;-0.230531;-0.215176;-0.173357;-0.105803;-0.097804;-0.004479;-0.004479;0.010771;-0.013765;-0.267935;-0.217214;-0.230531;-0.215176;-0.173357;-0.105803;-0.097804;-0.004479;-0.004479;0.010771;-0.013765;-0.267935;-0.217214;-0.230531;-0.215176;-0.173357;-0.105803
-560.0;-540.0;-520.0;-500.0;-420.0;-400.0;-380.0;-360.0;-340.0;-280.0;-260.0;-240.0;-220.0;-200.0;-180.0;-160.0;-140.0;-60.0;-40.0;-20.0;0.0;20.0;80.0;100.0;120.0;140.0;160.0;180.0;240.0;300.0;320.0;340.0;360.0;380.0;440.0;460.0;480.0;500.0;520.0;540.0
-0.112159;-0.018958;0.160971;0.340455;0.012293;0.073319;0.113817;0.098925;0.078874;-0.180528;-0.123935;-0.178792;-0.180758;-0.112159;-0.018958;0.160971;0.340455;0.012293;0.073319;0.113817;0.098925;0.078874;-0.180528;-0.123935;-0.178792;-0.180758;-0.112159;-0.018958;0.160971;0.012293;0.073319;0.113817;0.098925;0.078874;-0.180528;-0.123935;-0.178792;-0.180758;-0.112159;-0.018958
-560.0;-540.0;-520.0;-500.0;-440.0;-420.0;-400.0;-380.0;-360.0;-340.0;-280.0;-260.0;-240.0;-220.0;-200.0;-180.0;-160.0;-140.0;-80.0;-60.0;-40.0;-20.0;0.0;20.0;80.0;100.0;120.0;140.0;160.0;180.0;240.0;280.0;300.0;320.0;340.0;360.0;380.0;440.0;460.0;480.0;500.0;520.0;540.0
-0.047564;0.065192;0.254107;0.340455;-0.295583;-0.0809;0.010718;0.060783;0.068418;0.093449;-0.133861;-0.057885;-0.119052;-0.143545;-0.047564;0.065192;0.254107;0.340455;-0.295583;-0.0809;0.010718;0.060783;0.068418;0.093449;-0.133861;-0.057885;-0.119052;-0.143545;-0.047564;0.065192;0.254107;-0.295583;-0.0809;0.010718;0.060783;0.068418;0.093449;-0.133861;-0.057885;-0.119052;-0.143545;-0.047564;0.065192
-560.0;-540.0;-440.0;-420.0;-400.0;-380.0;-360.0;-340.0;-280.0;-260.0;-240.0;-220.0;-200.0;-180.0;-80.0;-60.0;-40.0;-20.0;0.0;20.0;80.0;100.0;120.0;140.0;160.0;180.0;280.0;300.0;320.0;340.0;360.0;380.0;440.0;460.0;480.0;500.0;520.0
-0.007949;0.089034;-0.151979;-0.036135;-0.030164;-0.029865;-0.042654;-0.006812;-0.025742;-0.027085;-0.114747;-0.102354;-0.007949;0.089034;-0.151979;-0.036135;-0.030164;-0.029865;-0.042654;-0.006812;-0.025742;-0.027085;-0.114747;-0.102354;-0.007949;0.089034;-0.151979;-0.036135;-0.030164;-0.029865;-0.042654;-0.006812;-0.025742;-0.027085;-0.114747;-0.102354;-0.007949
-560.0;-540.0;-440.0;-420.0;-400.0;-380.0;-360.0;-340.0;-280.0;-260.0;-240.0;-220.0;-200.0;-180.0;-80.0;-60.0;-40.0;-20.0;0.0;20.0;80.0;100.0;120.0;140.0;160.0;180.0;280.0;300.0;320.0;340.0;360.0;380.0;440.0;460.0;480.0;500.0;520.0
-0.061568;-0.205122;0.021009;-0.039289;-0.036611;-0.043401;-0.109616;0.042433;0.016884;0.070821;-0.134491;-0.106979;-0.061568;-0.205122;0.021009;-0.039289;-0.036611;-0.043401;-0.109616;0.042433;0.016884;0.070821;-0.134491;-0.106979;-0.061568;-0.205122;0.021009;-0.039289;-0.036611;-0.043401;-0.109616;0.042433;0.016884;0.070821;-0.134491;-0.106979;-0.061568
-560.0;-420.0;-400.0;-380.0;-360.0;-240.0;-220.0;-200.0;-60.0;-40.0;-20.0;0.0;120.0;140.0;160.0;300.0;320.0;340.0;360.0;480.0;500.0
-0.135479;-0.056247;-0.04924;-0.027819;0.137096;-0.122437;-0.129436;-0.135479;-0.056247;-0.04924;-0.027819;0.137096;-0.122437;-0.129436;-0.135479;-0.056247;-0.04924;-0.027819;0.137096;-0.122437;-0.129436
-340.0;-320.0;-280.0;-260.0;20.0;40.0;80.0;100.0;380.0;400.0;440.0
0.371389;0.384237;-0.019024;-0.019024;0.371389;0.384237;-0.019024;-0.019024;0.371389;0.384237;-0.019024
-340.0;-320.0;-300.0;-280.0;-260.0;20.0;40.0;60.0;80.0;100.0;380.0;400.0;420.0;440.0
0.371389;0.384237;0.648731;0.215332;-0.019024;0.371389;0.384237;0.648731;0.215332;-0.019024;0.371389;0.384237;0.648731;0.215332
-560.0;-540.0;-220.0;-200.0;-180.0;140.0;160.0;180.0;500.0;520.0
-0.0911;0.027404;-0.15865;-0.0911;0.027404;-0.15865;-0.0911;0.027404;-0.15865;-0.0911
-560.0;-540.0;-520.0;-260.0;-240.0;-220.0;-200.0;-180.0;-160.0;100.0;120.0;140.0;160.0;180.0;240.0;460.0;480.0;500.0;520.0;540.0
-0.218981;-0.152849;-0.521155;-0.04058;-0.187828;-0.261222;-0.218981;-0.152849;-0.521155;-0.04058;-0.187828;-0.261222;-0.218981;-0.152849;-0.521155;-0.04058;-0.187828;-0.261222;-0.218981;-0.152849
-560.0;-540.0;-520.0;-420.0;-400.0;-360.0;-340.0;-280.0;-260.0;-240.0;-220.0;-200.0;-180.0;-160.0;-60.0;-40.0;0.0;20.0;80.0;100.0;120.0;140.0;160.0;180.0;240.0;300.0;320.0;360.0;380.0;440.0;460.0;480.0;500.0;520.0;540.0
-0.173357;-0.105803;-0.097804;-0.004479;-0.004479;0.010771;-0.013765;-0.267935;-0.217214;-0.230531;-0.215176;-0.173357;-0.105803;-0.097804;-0.004479;-0.004479;0.010771;-0.013765;-0.267935;-0.217214;-0.230531;-0.215176;-0.173357;-0.105803;-0.097804;-0.004479;-0.004479;0.010771;-0.013765;-0.267935;-0.217214;-0.230531;-0.215176;-0.173357;-0.105803
-560.0;-540.0;-520.0;-500.0;-420.0;-400.0;-380.0;-360.0;-340.0;-280.0;-260.0;-240.0;-220.0;-200.0;-180.0;-160.0;-140.0;-60.0;-40.0;-20.0;0.0;20.0;80.0;100.0;120.0;140.0;160.0;180.0;240.0;300.0;320.0;340.0;360.0;380.0;440.0;460.0;480.0;500.0;520.0;540.0
-0.112159;-0.018958;0.160971;0.340455;0.012293;0.073319;0.113817;0.098925;0.078874;-0.180528;-0.123935;-0.178792;-0.180758;-0.112159;-0.018958;0.160971;0.340455;0.012293;0.073319;0.113817;0.098925;0.078874;-0.180528;-0.123935;-0.178792;-0.180758;-0.112159;-0.018958;0.160971;0.012293;0.073319;0.113817;0.098925;0.078874;-0.180528;-0.123935;-0.178792;-0.180758;-0.112159;-0.018958
-560.0;-540.0;-520.0;-500.0;-440.0;-420.0;-400.0;-380.0;-360.0;-340.0;-280.0;-260.0;-240.0;-220.0;-200.0;-180.0;-160.0;-140.0;-80.0;-60.0;-40.0;-20.0;0.0;20.0;80.0;100.0;120.0;140.0;160.0;180.0;240.0;280.0;300.0;320.0;340.0;360.0;380.0;440.0;460.0;480.0;500.0;520.0;540.0
-0.047564;0.065192;0.254107;0.340455;-0.295583;-0.0809;0.010718;0.060783;0.068418;0.093449;-0.133861;-0.057885;-0.119052;-0.143545;-0.047564;0.065192;0.254107;0.340455;-0.295583;-0.0809;0.010718;0.060783;0.068418;0.093449;-0.133861;-0.057885;-0.119052;-0.143545;-0.047564;0.065192;0.254107;-0.295583;-0.0809;0.010718;0.060783;0.068418;0.093449;-0.133861;-0.057885;-0.119052;-0.143545;-0.047564;0.065192
-560.0;-540.0;-440.0;-420.0;-400.0;-380.0;-360.0;-340.0;-280.0;-260.0;-240.0;-220.0;-200.0;-180.0;-80.0;-60.0;-40.0;-20.0;0.0;20.0;80.0;100.0;120.0;140.0;160.0;180.0;280.0;300.0;320.0;340.0;360.0;380.0;440.0;460.0;480.0;500.0;520.0
-0.007949;0.089034;-0.151979;-0.036135;-0.030164;-0.029865;-0.042654;-0.006812;-0.025742;-0.027085;-0.114747;-0.102354;-0.007949;0.089034;-0.151979;-0.036135;-0.030164;-0.029865;-0.042654;-0.006812;-0.025742;-0.027085;-0.114747;-0.102354;-0.007949;0.089034;-0.151979;-0.036135;-0.030164;-0.029865;-0.042654;-0.006812;-0.025742;-0.027085;-0.114747;-0.102354;-0.007949
-560.0;-540.0;-440.0;-420.0;-400.0;-380.0;-360.0;-340.0;-280.0;-260.0;-240.0;-220.0;-200.0;-180.0;-80.0;-60.0;-40.0;-20.0;0.0;20.0;80.0;100.0;120.0;140.0;160.0;180.0;280.0;300.0;320.0;340.0;360.0;380.0;440.0;460.0;480.0;500.0;520.0
-0.061568;-0.205122;0.021009;-0.039289;-0.036611;-0.043401;-0.109616;0.042433;0.016884;0.070821;-0.134491;-0.106979;-0.061568;-0.205122;0.021009;-0.039289;-0.036611;-0.043401;-0.109616;0.042433;0.016884;0.070821;-0.134491;-0.106979;-0.061568;-0.205122;0.021009;-0.039289;-0.036611;-0.043401;-0.109616;0.042433;0.016884;0.070821;-0.134491;-0.106979;-0.061568
-560.0;-420.0;-400.0;-380.0;-360.0;-240.0;-220.0;-200.0;-60.0;-40.0;-20.0;0.0;120.0;140.0;160.0;300.0;320.0;340.0;360.0;480.0;500.0
-0.135479;-0.056247;-0.04924;-0.027819;0.137096;-0.122437;-0.129436;-0.135479;-0.056247;-0.04924;-0.027819;0.137096;-0.122437;-0.129436;-0.135479;-0.056247;-0.04924;-0.027819;0.137096;-0.122437;-0.129436
-340.0;-320.0;-280.0;-260.0;20.0;40.0;80.0;100.0;380.0;400.0;440.0
0.371389;0.384237;-0.019024;-0.019024;0.371389;0.384237;-0.019024;-0.019024;0.371389;0.384237;-0.019024
-340.0;-320.0;-300.0;-280.0;-260.0;20.0;40.0;60.0;80.0;100.0;380.0;400.0;420.0;440.0
0.371389;0.384237;0.648731;0.215332;-0.019024;0.371389;0.384237;0.648731;0.215332;-0.019024;0.371389;0.384237;0.648731;0.215332
-560.0;-540.0;-220.0;-200.0;-180.0;140.0;160.0;180.0;500.0;520.0
-0.0911;0.027404;-0.15865;-0.0911;0.027404;-0.15865;-0.0911;0.027404;-0.15865;-0.0911
-560.0;-540.0;-520.0;-260.0;-240.0;-220.0;-200.0;-180.0;-160.0;100.0;120.0;140.0;160.0;180.0;240.0;460.0;480.0;500.0;520.0;540.0
-0.218981;-0.152849;-0.521155;-0.04058;-0.187828;-0.261222;-0.218981;-0.152849;-0.521155;-0.04058;-0.187828;-0.261222;-0.218981;-0.152849;-0.521155;-0.04058;-0.187828;-0.261222;-0.218981;-0.152849
