HB phi-1 chi+1
-0.0129705494202
-0.0430522307692;-0.0489314375;-0.0201175294118;0.060219
N/A
60.000000;180.000000;300.000000;Unknown
-160.0;-360.0;-360.0;-360.0;-360.0;-360.0;-360.0;-360.0;-360.0;-360.0;-360.0;-360.0;-360.0;-360.0;200.0;0.0;0.0;0.0;0.0;0.0;0.0;0.0;0.0;0.0;0.0;0.0;0.0;0.0;560.0;360.0;360.0;360.0;360.0;360.0;360.0;360.0;360.0;360.0;360.0;360.0;360.0;360.0
-0.030626;-0.062676;-0.030626;0.005457;0.055816;0.062368;0.0038;-0.027309;-0.026372;0.0;0.0;0.0;-0.360007;-0.062593;-0.030626;-0.062676;-0.030626;0.005457;0.055816;0.062368;0.0038;-0.027309;-0.026372;0.0;0.0;0.0;-0.360007;-0.062593;-0.030626;-0.062676;-0.030626;0.005457;0.055816;0.062368;0.0038;-0.027309;-0.026372;0.0;0.0;0.0;-0.360007;-0.062593
-560.0;-160.0;-360.0;-360.0;-360.0;-360.0;-360.0;-360.0;-360.0;-360.0;-360.0;-360.0;-360.0;-360.0;-360.0;-360.0;-360.0;-360.0;-200.0;200.0;0.0;0.0;0.0;0.0;0.0;0.0;0.0;0.0;0.0;0.0;0.0;0.0;0.0;0.0;0.0;0.0;160.0;560.0;360.0;360.0;360.0;360.0;360.0;360.0;360.0;360.0;360.0;360.0;360.0;360.0;360.0;360.0;360.0;360.0
0.152986;-0.014217;-0.014217;-0.049993;0.015228;0.040356;-0.025284;-0.045515;-0.066884;0.0;0.0;0.0;-0.111936;-0.119899;-0.20089;-0.16889;-0.115616;-0.138111;0.152986;-0.014217;-0.014217;-0.049993;0.015228;0.040356;-0.025284;-0.045515;-0.066884;0.0;0.0;0.0;-0.111936;-0.119899;-0.20089;-0.16889;-0.115616;-0.138111;0.152986;-0.014217;-0.014217;-0.049993;0.015228;0.040356;-0.025284;-0.045515;-0.066884;0.0;0.0;0.0;-0.111936;-0.119899;-0.20089;-0.16889;-0.115616;-0.138111
-560.0;-160.0;-360.0;-360.0;-360.0;-360.0;-360.0;-360.0;-360.0;-360.0;-360.0;-360.0;-360.0;-360.0;-360.0;-360.0;-360.0;-360.0;-360.0;-200.0;200.0;0.0;0.0;0.0;0.0;0.0;0.0;0.0;0.0;0.0;0.0;0.0;0.0;0.0;0.0;0.0;0.0;0.0;160.0;560.0;360.0;360.0;360.0;360.0;360.0;360.0;360.0;360.0;360.0;360.0;360.0;360.0;360.0;360.0;360.0;360.0;360.0
-0.174398;-0.03665;-0.03665;-0.039651;-0.005858;-0.008146;-0.012447;0.003311;0.044423;0.0;0.0;-0.1468;-0.095423;0.060726;-0.044344;-0.160207;0.233389;-0.159963;-0.174398;-0.174398;-0.03665;-0.03665;-0.039651;-0.005858;-0.008146;-0.012447;0.003311;0.044423;0.0;0.0;-0.1468;-0.095423;0.060726;-0.044344;-0.160207;0.233389;-0.159963;-0.174398;-0.174398;-0.03665;-0.03665;-0.039651;-0.005858;-0.008146;-0.012447;0.003311;0.044423;0.0;0.0;-0.1468;-0.095423;0.060726;-0.044344;-0.160207;0.233389;-0.159963;-0.174398
-160.0;-360.0;-360.0;-360.0;-360.0;-360.0;-360.0;-360.0;-360.0;-360.0;-360.0;-360.0;-360.0;200.0;0.0;0.0;0.0;0.0;0.0;0.0;0.0;0.0;0.0;0.0;0.0;0.0;560.0;360.0;360.0;360.0;360.0;360.0;360.0;360.0;360.0;360.0;360.0;360.0;360.0
-0.042233;0.023251;-0.042233;0.049841;0.015026;-0.035157;-0.016525;-0.025785;-0.063925;-0.009726;0.0;0.0;0.407594;-0.042233;0.023251;-0.042233;0.049841;0.015026;-0.035157;-0.016525;-0.025785;-0.063925;-0.009726;0.0;0.0;0.407594;-0.042233;0.023251;-0.042233;0.049841;0.015026;-0.035157;-0.016525;-0.025785;-0.063925;-0.009726;0.0;0.0;0.407594
