0.000000 -560.000000 -540.000000 -220.000000 -200.000000 -180.000000 140.000000 160.000000 180.000000 500.000000 520.000000 
0.000000 -0.091100 0.027404 -0.158650 -0.091100 0.027404 -0.158650 -0.091100 0.027404 -0.158650 -0.091100 
0.000000 -560.000000 -540.000000 -520.000000 -260.000000 -240.000000 -220.000000 -200.000000 -180.000000 -160.000000 100.000000 120.000000 140.000000 160.000000 180.000000 200.000000 460.000000 480.000000 500.000000 520.000000 540.000000 
0.000000 -0.218981 -0.152849 -0.521155 -0.040580 -0.187828 -0.261222 -0.218981 -0.152849 -0.521155 -0.040580 -0.187828 -0.261222 -0.218981 -0.152849 -0.521155 -0.040580 -0.187828 -0.261222 -0.218981 -0.152849 
0.000000 -560.000000 -540.000000 -520.000000 -420.000000 -400.000000 -360.000000 -340.000000 -280.000000 -260.000000 -240.000000 -220.000000 -200.000000 -180.000000 -160.000000 -60.000000 -40.000000 0.000000 20.000000 80.000000 100.000000 120.000000 140.000000 160.000000 180.000000 200.000000 300.000000 320.000000 360.000000 380.000000 440.000000 460.000000 480.000000 500.000000 520.000000 540.000000 
0.000000 -0.173357 -0.105803 -0.097804 -0.004479 -0.004479 0.010771 -0.013765 -0.267935 -0.217214 -0.230531 -0.215176 -0.173357 -0.105803 -0.097804 -0.004479 -0.004479 0.010771 -0.013765 -0.267935 -0.217214 -0.230531 -0.215176 -0.173357 -0.105803 -0.097804 -0.004479 -0.004479 0.010771 -0.013765 -0.267935 -0.217214 -0.230531 -0.215176 -0.173357 -0.105803 
0.000000 -560.000000 -540.000000 -520.000000 -500.000000 -420.000000 -400.000000 -380.000000 -360.000000 -340.000000 -280.000000 -260.000000 -240.000000 -220.000000 -200.000000 -180.000000 -160.000000 -140.000000 -60.000000 -40.000000 -20.000000 0.000000 20.000000 80.000000 100.000000 120.000000 140.000000 160.000000 180.000000 200.000000 220.000000 300.000000 320.000000 340.000000 360.000000 380.000000 440.000000 460.000000 480.000000 500.000000 520.000000 540.000000 
0.000000 -0.112159 -0.018958 0.160971 0.340455 0.012293 0.073319 0.113817 0.098925 0.078874 -0.180528 -0.123935 -0.178792 -0.180758 -0.112159 -0.018958 0.160971 0.340455 0.012293 0.073319 0.113817 0.098925 0.078874 -0.180528 -0.123935 -0.178792 -0.180758 -0.112159 -0.018958 0.160971 0.340455 0.012293 0.073319 0.113817 0.098925 0.078874 -0.180528 -0.123935 -0.178792 -0.180758 -0.112159 -0.018958 
0.000000 -560.000000 -540.000000 -520.000000 -500.000000 -440.000000 -420.000000 -400.000000 -380.000000 -360.000000 -340.000000 -280.000000 -260.000000 -240.000000 -220.000000 -200.000000 -180.000000 -160.000000 -140.000000 -80.000000 -60.000000 -40.000000 -20.000000 0.000000 20.000000 80.000000 100.000000 120.000000 140.000000 160.000000 180.000000 200.000000 220.000000 280.000000 300.000000 320.000000 340.000000 360.000000 380.000000 440.000000 460.000000 480.000000 500.000000 520.000000 540.000000 
0.000000 -0.047564 0.065192 0.254107 0.340455 -0.295583 -0.080900 0.010718 0.060783 0.068418 0.093449 -0.133861 -0.057885 -0.119052 -0.143545 -0.047564 0.065192 0.254107 0.340455 -0.295583 -0.080900 0.010718 0.060783 0.068418 0.093449 -0.133861 -0.057885 -0.119052 -0.143545 -0.047564 0.065192 0.254107 0.340455 -0.295583 -0.080900 0.010718 0.060783 0.068418 0.093449 -0.133861 -0.057885 -0.119052 -0.143545 -0.047564 0.065192 
0.000000 -560.000000 -540.000000 -440.000000 -420.000000 -400.000000 -380.000000 -360.000000 -340.000000 -280.000000 -260.000000 -240.000000 -220.000000 -200.000000 -180.000000 -80.000000 -60.000000 -40.000000 -20.000000 0.000000 20.000000 80.000000 100.000000 120.000000 140.000000 160.000000 180.000000 280.000000 300.000000 320.000000 340.000000 360.000000 380.000000 440.000000 460.000000 480.000000 500.000000 520.000000 
0.000000 -0.007949 0.089034 -0.151979 -0.036135 -0.030164 -0.029865 -0.042654 -0.006812 -0.025742 -0.027085 -0.114747 -0.102354 -0.007949 0.089034 -0.151979 -0.036135 -0.030164 -0.029865 -0.042654 -0.006812 -0.025742 -0.027085 -0.114747 -0.102354 -0.007949 0.089034 -0.151979 -0.036135 -0.030164 -0.029865 -0.042654 -0.006812 -0.025742 -0.027085 -0.114747 -0.102354 -0.007949 
0.000000 -560.000000 -540.000000 -440.000000 -420.000000 -400.000000 -380.000000 -360.000000 -340.000000 -280.000000 -260.000000 -240.000000 -220.000000 -200.000000 -180.000000 -80.000000 -60.000000 -40.000000 -20.000000 0.000000 20.000000 80.000000 100.000000 120.000000 140.000000 160.000000 180.000000 280.000000 300.000000 320.000000 340.000000 360.000000 380.000000 440.000000 460.000000 480.000000 500.000000 520.000000 
0.000000 -0.061568 -0.205122 0.021009 -0.039289 -0.036611 -0.043401 -0.109616 0.042433 0.016884 0.070821 -0.134491 -0.106979 -0.061568 -0.205122 0.021009 -0.039289 -0.036611 -0.043401 -0.109616 0.042433 0.016884 0.070821 -0.134491 -0.106979 -0.061568 -0.205122 0.021009 -0.039289 -0.036611 -0.043401 -0.109616 0.042433 0.016884 0.070821 -0.134491 -0.106979 -0.061568 
0.000000 -560.000000 -420.000000 -400.000000 -380.000000 -360.000000 -240.000000 -220.000000 -200.000000 -60.000000 -40.000000 -20.000000 0.000000 120.000000 140.000000 160.000000 300.000000 320.000000 340.000000 360.000000 480.000000 500.000000 
0.000000 -0.135479 -0.056247 -0.049240 -0.027819 0.137096 -0.122437 -0.129436 -0.135479 -0.056247 -0.049240 -0.027819 0.137096 -0.122437 -0.129436 -0.135479 -0.056247 -0.049240 -0.027819 0.137096 -0.122437 -0.129436 
0.000000 -340.000000 -320.000000 -280.000000 -260.000000 20.000000 40.000000 80.000000 100.000000 380.000000 400.000000 440.000000 
0.000000 0.371389 0.384237 -0.019024 -0.019024 0.371389 0.384237 -0.019024 -0.019024 0.371389 0.384237 -0.019024 
0.000000 -340.000000 -320.000000 -300.000000 -280.000000 -260.000000 20.000000 40.000000 60.000000 80.000000 100.000000 380.000000 400.000000 420.000000 440.000000 
0.000000 0.371389 0.384237 0.648731 0.215332 -0.019024 0.371389 0.384237 0.648731 0.215332 -0.019024 0.371389 0.384237 0.648731 0.215332 
0.000000 -560.000000 -540.000000 -220.000000 -200.000000 -180.000000 140.000000 160.000000 180.000000 500.000000 520.000000 
0.000000 -0.091100 0.027404 -0.158650 -0.091100 0.027404 -0.158650 -0.091100 0.027404 -0.158650 -0.091100 
0.000000 -560.000000 -540.000000 -520.000000 -260.000000 -240.000000 -220.000000 -200.000000 -180.000000 -160.000000 100.000000 120.000000 140.000000 160.000000 180.000000 200.000000 460.000000 480.000000 500.000000 520.000000 540.000000 
0.000000 -0.218981 -0.152849 -0.521155 -0.040580 -0.187828 -0.261222 -0.218981 -0.152849 -0.521155 -0.040580 -0.187828 -0.261222 -0.218981 -0.152849 -0.521155 -0.040580 -0.187828 -0.261222 -0.218981 -0.152849 
