HD21 psi-1 hbondstat
-0.1248246329
-0.2647644;-0.336063;-0.0807096666667;-0.103872363636;-0.236847
N/A
NNNN;NNNY;NNYN;NNYY;YNYY
-560.0;-180.0;-360.0;-360.0;-360.0;-360.0;-360.0;-360.0;-360.0;-360.0;-360.0;-200.0;180.0;0.0;0.0;0.0;0.0;0.0;0.0;0.0;0.0;0.0;160.0;540.0;360.0;360.0;360.0;360.0;360.0;360.0;360.0;360.0;360.0
-0.336888;-0.449427;0.0;0.0;0.0;0.0;0.0;-0.390952;-0.390952;0.0;0.0;-0.336888;-0.449427;0.0;0.0;0.0;0.0;0.0;-0.390952;-0.390952;0.0;0.0;-0.336888;-0.449427;0.0;0.0;0.0;0.0;0.0;-0.390952;-0.390952;0.0;0.0
-560.0;-180.0;-360.0;-360.0;-360.0;-360.0;-360.0;-360.0;-360.0;-360.0;-200.0;180.0;0.0;0.0;0.0;0.0;0.0;0.0;0.0;0.0;160.0;540.0;360.0;360.0;360.0;360.0;360.0;360.0;360.0;360.0
-0.512491;-0.512491;0.0;0.0;0.0;0.0;0.0;-0.378412;-0.213529;-0.181429;-0.512491;-0.512491;0.0;0.0;0.0;0.0;0.0;-0.378412;-0.213529;-0.181429;-0.512491;-0.512491;0.0;0.0;0.0;0.0;0.0;-0.378412;-0.213529;-0.181429
-560.0;-160.0;-360.0;-360.0;-360.0;-360.0;-360.0;-360.0;-360.0;-360.0;-360.0;-360.0;-360.0;-360.0;-200.0;200.0;0.0;0.0;0.0;0.0;0.0;0.0;0.0;0.0;0.0;0.0;0.0;0.0;160.0;560.0;360.0;360.0;360.0;360.0;360.0;360.0;360.0;360.0;360.0;360.0;360.0;360.0
-0.122027;-0.153519;-0.153519;0.0;0.0;0.0;0.0;0.093831;-0.015257;-0.101688;-0.158929;-0.219669;0.0;0.0;-0.122027;-0.153519;-0.153519;0.0;0.0;0.0;0.0;0.093831;-0.015257;-0.101688;-0.158929;-0.219669;0.0;0.0;-0.122027;-0.153519;-0.153519;0.0;0.0;0.0;0.0;0.093831;-0.015257;-0.101688;-0.158929;-0.219669;0.0;0.0
-560.0;-180.0;-360.0;-360.0;-360.0;-360.0;-360.0;-360.0;-360.0;-360.0;-360.0;-360.0;-200.0;180.0;0.0;0.0;0.0;0.0;0.0;0.0;0.0;0.0;0.0;0.0;160.0;540.0;360.0;360.0;360.0;360.0;360.0;360.0;360.0;360.0;360.0;360.0
0.202477;0.313383;0.0;0.0;0.0;0.0;0.0;0.003691;-0.122503;-0.320691;-0.19664;-0.111133;0.202477;0.313383;0.0;0.0;0.0;0.0;0.0;0.003691;-0.122503;-0.320691;-0.19664;-0.111133;0.202477;0.313383;0.0;0.0;0.0;0.0;0.0;0.003691;-0.122503;-0.320691;-0.19664;-0.111133
-360.0;-360.0;-360.0;-360.0;0.0;0.0;0.0;0.0;360.0;360.0;360.0;360.0
0.045613;0.0;0.0;0.0;0.045613;0.0;0.0;0.0;0.045613;0.0;0.0;0.0
