0.000000 -560.000000 -540.000000 -420.000000 -400.000000 -300.000000 -280.000000 -260.000000 -240.000000 -220.000000 -200.000000 -180.000000 -60.000000 -40.000000 60.000000 80.000000 100.000000 120.000000 140.000000 160.000000 180.000000 300.000000 320.000000 420.000000 440.000000 460.000000 480.000000 500.000000 520.000000 
0.000000 -0.336888 -0.449427 -0.390952 -0.390952 -0.056028 -0.056028 -0.118662 -0.118662 -0.280618 -0.336888 -0.449427 -0.390952 -0.390952 -0.056028 -0.056028 -0.118662 -0.118662 -0.280618 -0.336888 -0.449427 -0.390952 -0.390952 -0.056028 -0.056028 -0.118662 -0.118662 -0.280618 -0.336888 
0.000000 -560.000000 -540.000000 -420.000000 -400.000000 -380.000000 -360.000000 -240.000000 -220.000000 -200.000000 -180.000000 -60.000000 -40.000000 -20.000000 0.000000 120.000000 140.000000 160.000000 180.000000 300.000000 320.000000 340.000000 360.000000 480.000000 500.000000 520.000000 
0.000000 -0.512491 -0.512491 -0.378412 -0.213529 -0.181429 -0.250012 -0.231856 -0.231856 -0.512491 -0.512491 -0.378412 -0.213529 -0.181429 -0.250012 -0.231856 -0.231856 -0.512491 -0.512491 -0.378412 -0.213529 -0.181429 -0.250012 -0.231856 -0.231856 -0.512491 
0.000000 -560.000000 -540.000000 -520.000000 -420.000000 -400.000000 -380.000000 -360.000000 -340.000000 -260.000000 -240.000000 -220.000000 -200.000000 -180.000000 -160.000000 -60.000000 -40.000000 -20.000000 0.000000 20.000000 100.000000 120.000000 140.000000 160.000000 180.000000 200.000000 300.000000 320.000000 340.000000 360.000000 380.000000 460.000000 480.000000 500.000000 520.000000 540.000000 
0.000000 -0.122027 -0.055944 -0.153519 0.093831 -0.015257 -0.101688 -0.158929 -0.219669 -0.090369 -0.000934 -0.088067 -0.122027 -0.055944 -0.153519 0.093831 -0.015257 -0.101688 -0.158929 -0.219669 -0.090369 -0.000934 -0.088067 -0.122027 -0.055944 -0.153519 0.093831 -0.015257 -0.101688 -0.158929 -0.219669 -0.090369 -0.000934 -0.088067 -0.122027 -0.055944 
0.000000 -560.000000 -540.000000 -420.000000 -400.000000 -380.000000 -360.000000 -340.000000 -260.000000 -240.000000 -220.000000 -200.000000 -180.000000 -60.000000 -40.000000 -20.000000 0.000000 20.000000 100.000000 120.000000 140.000000 160.000000 180.000000 300.000000 320.000000 340.000000 360.000000 380.000000 460.000000 480.000000 500.000000 520.000000 
0.000000 0.202477 0.313383 0.003691 -0.122503 -0.320691 -0.196640 -0.111133 -0.363336 -0.580165 -0.281062 0.202477 0.313383 0.003691 -0.122503 -0.320691 -0.196640 -0.111133 -0.363336 -0.580165 -0.281062 0.202477 0.313383 0.003691 -0.122503 -0.320691 -0.196640 -0.111133 -0.363336 -0.580165 -0.281062 0.202477 
0.000000 -420.000000 -400.000000 -380.000000 -360.000000 -60.000000 -40.000000 -20.000000 0.000000 300.000000 320.000000 340.000000 
0.000000 -0.519307 -0.519307 0.045613 0.045613 -0.519307 -0.519307 0.045613 0.045613 -0.519307 -0.519307 0.045613 
