HD2 chi2 aa
-1.47380540909
-1.47380540909;-1.47380540909;-1.47380540909;-1.47380540909;-4.27457633333;-1.47380540909;-2.89977666667;-1.47380540909;-0.01969675;-0.0115855;-1.47380540909;-1.47380540909;0.0844055;-1.47380540909;-0.0143796666667;-1.47380540909;-1.47380540909;-1.47380540909;-1.47380540909;-3.63373433333
-1.55588242857;-1.84571066667;-1.51581057143;-1.47380540909;0.076198
A;C;D;E;F;G;H;I;K;L;M;N;P;Q;R;S;T;V;W;Y
60.000000;180.000000;300.000000;ALA;Unknown
0.0;0.0;0.0;0.0;0.0
60.000000;180.000000;300.000000;ALA;Unknown
0.0;0.0;0.0;0.0;0.0
60.000000;180.000000;300.000000;ALA;Unknown
0.0;0.0;0.0;0.0;0.0
60.000000;180.000000;300.000000;ALA;Unknown
0.0;0.0;0.0;0.0;0.0
60.000000;180.000000;300.000000;ALA;Unknown
-4.158397;-4.49838;-4.166952;0.0;0.0
60.000000;180.000000;300.000000;ALA;Unknown
0.0;0.0;0.0;0.0;0.0
60.000000;180.000000;300.000000;ALA;Unknown
-2.775912;-2.952617;-2.970801;0.0;0.0
60.000000;180.000000;300.000000;ALA;Unknown
0.0;0.0;0.0;0.0;0.0
60.000000;180.000000;300.000000;ALA;Unknown
-0.13731;-0.025065;-0.008808;0.0;0.092396
60.000000;180.000000;300.000000;ALA;Unknown
-0.030856;-0.07167;-0.003816;0.0;0.06
60.000000;180.000000;300.000000;ALA;Unknown
0.0;0.0;0.0;0.0;0.0
60.000000;180.000000;300.000000;ALA;Unknown
0.0;0.0;0.0;0.0;0.0
60.000000;180.000000;300.000000;ALA;Unknown
-0.046282;0.0;0.215093;0.0;0.0
60.000000;180.000000;300.000000;ALA;Unknown
0.0;0.0;0.0;0.0;0.0
60.000000;180.000000;300.000000;ALA;Unknown
-0.036432;-0.084996;0.078289;0.0;0.0
60.000000;180.000000;300.000000;ALA;Unknown
0.0;0.0;0.0;0.0;0.0
60.000000;180.000000;300.000000;ALA;Unknown
0.0;0.0;0.0;0.0;0.0
60.000000;180.000000;300.000000;ALA;Unknown
0.0;0.0;0.0;0.0;0.0
60.000000;180.000000;300.000000;ALA;Unknown
0.0;0.0;0.0;0.0;0.0
60.000000;180.000000;300.000000;ALA;Unknown
-3.705988;-3.441536;-3.753679;0.0;0.0
