HE1 psi chi+1
-0.192759321173
-0.195505846154;-0.0925643846154;-0.117336470588;-0.365630583333
N/A
60.000000;180.000000;300.000000;Unknown
-560.0;-180.0;-360.0;-360.0;-360.0;-360.0;-360.0;-360.0;-360.0;-360.0;-360.0;-360.0;-360.0;-360.0;-200.0;180.0;0.0;0.0;0.0;0.0;0.0;0.0;0.0;0.0;0.0;0.0;0.0;0.0;160.0;540.0;360.0;360.0;360.0;360.0;360.0;360.0;360.0;360.0;360.0;360.0;360.0;360.0
-0.392769;-0.387532;0.0;0.0;0.0;0.0;0.0;-0.27175;-0.140664;-0.115536;-0.116244;0.119823;-0.173328;-0.173328;-0.392769;-0.387532;0.0;0.0;0.0;0.0;0.0;-0.27175;-0.140664;-0.115536;-0.116244;0.119823;-0.173328;-0.173328;-0.392769;-0.387532;0.0;0.0;0.0;0.0;0.0;-0.27175;-0.140664;-0.115536;-0.116244;0.119823;-0.173328;-0.173328
-560.0;-180.0;-360.0;-360.0;-360.0;-360.0;-360.0;-360.0;-360.0;-360.0;-360.0;-360.0;-360.0;-360.0;-200.0;180.0;0.0;0.0;0.0;0.0;0.0;0.0;0.0;0.0;0.0;0.0;0.0;0.0;160.0;540.0;360.0;360.0;360.0;360.0;360.0;360.0;360.0;360.0;360.0;360.0;360.0;360.0
-0.217307;-0.326272;0.0;0.0;0.0;0.0;0.0;-0.102903;-0.16564;-0.204152;-0.253473;-0.300854;0.915336;0.915336;-0.217307;-0.326272;0.0;0.0;0.0;0.0;0.0;-0.102903;-0.16564;-0.204152;-0.253473;-0.300854;0.915336;0.915336;-0.217307;-0.326272;0.0;0.0;0.0;0.0;0.0;-0.102903;-0.16564;-0.204152;-0.253473;-0.300854;0.915336;0.915336
-560.0;-160.0;-360.0;-360.0;-360.0;-360.0;-360.0;-360.0;-360.0;-360.0;-360.0;-360.0;-360.0;-360.0;-360.0;-360.0;-360.0;-360.0;-360.0;-200.0;200.0;0.0;0.0;0.0;0.0;0.0;0.0;0.0;0.0;0.0;0.0;0.0;0.0;0.0;0.0;0.0;0.0;0.0;160.0;560.0;360.0;360.0;360.0;360.0;360.0;360.0;360.0;360.0;360.0;360.0;360.0;360.0;360.0;360.0;360.0;360.0;360.0
-0.190011;0.148262;0.148262;0.0;0.0;0.023187;-0.0457;-0.113567;-0.110295;-0.083866;-0.041378;0.074445;0.015956;-0.069858;-0.112453;-0.389923;-0.303337;-0.171254;-0.190011;-0.190011;0.148262;0.148262;0.0;0.0;0.023187;-0.0457;-0.113567;-0.110295;-0.083866;-0.041378;0.074445;0.015956;-0.069858;-0.112453;-0.389923;-0.303337;-0.171254;-0.190011;-0.190011;0.148262;0.148262;0.0;0.0;0.023187;-0.0457;-0.113567;-0.110295;-0.083866;-0.041378;0.074445;0.015956;-0.069858;-0.112453;-0.389923;-0.303337;-0.171254;-0.190011
-560.0;-180.0;-360.0;-360.0;-360.0;-360.0;-360.0;-360.0;-360.0;-360.0;-360.0;-360.0;-360.0;-200.0;180.0;0.0;0.0;0.0;0.0;0.0;0.0;0.0;0.0;0.0;0.0;0.0;160.0;540.0;360.0;360.0;360.0;360.0;360.0;360.0;360.0;360.0;360.0;360.0;360.0
0.056153;-0.05366;0.0;0.0;0.0;0.0;0.0;-0.155749;-0.219774;-0.207575;0.024566;-1.896461;-1.908761;0.056153;-0.05366;0.0;0.0;0.0;0.0;0.0;-0.155749;-0.219774;-0.207575;0.024566;-1.896461;-1.908761;0.056153;-0.05366;0.0;0.0;0.0;0.0;0.0;-0.155749;-0.219774;-0.207575;0.024566;-1.896461;-1.908761
