HE21 psi-1 chi+1
-0.26717304816
-0.231688571429;-0.0414635;-0.368429666667;-0.427110454545
N/A
60.000000;180.000000;300.000000;Unknown
-560.0;-180.0;-360.0;-360.0;-360.0;-360.0;-360.0;-360.0;-200.0;180.0;0.0;0.0;0.0;0.0;0.0;0.0;160.0;540.0;360.0;360.0;360.0;360.0;360.0;360.0
-0.304601;-0.387921;0.0;0.0;0.0;0.0;0.0;0.0;-0.304601;-0.387921;0.0;0.0;0.0;0.0;0.0;0.0;-0.304601;-0.387921;0.0;0.0;0.0;0.0;0.0;0.0
-560.0;-180.0;-360.0;-360.0;-360.0;-360.0;-360.0;-360.0;-360.0;-360.0;-360.0;-360.0;-360.0;-200.0;180.0;0.0;0.0;0.0;0.0;0.0;0.0;0.0;0.0;0.0;0.0;0.0;160.0;540.0;360.0;360.0;360.0;360.0;360.0;360.0;360.0;360.0;360.0;360.0;360.0
-0.052667;0.359322;0.0;0.0;0.0;0.0;0.0;-9.6e-05;-0.120492;-0.196428;-0.117229;-0.0975;0.0;-0.052667;0.359322;0.0;0.0;0.0;0.0;0.0;-9.6e-05;-0.120492;-0.196428;-0.117229;-0.0975;0.0;-0.052667;0.359322;0.0;0.0;0.0;0.0;0.0;-9.6e-05;-0.120492;-0.196428;-0.117229;-0.0975;0.0
-560.0;-180.0;-360.0;-360.0;-360.0;-360.0;-360.0;-360.0;-360.0;-360.0;-360.0;-360.0;-360.0;-200.0;180.0;0.0;0.0;0.0;0.0;0.0;0.0;0.0;0.0;0.0;0.0;0.0;160.0;540.0;360.0;360.0;360.0;360.0;360.0;360.0;360.0;360.0;360.0;360.0;360.0
-0.132093;-0.421223;0.0;0.0;0.0;0.0;0.0;0.189827;0.068789;-0.055535;0.0;0.0;-2.064654;-0.132093;-0.421223;0.0;0.0;0.0;0.0;0.0;0.189827;0.068789;-0.055535;0.0;0.0;-2.064654;-0.132093;-0.421223;0.0;0.0;0.0;0.0;0.0;0.189827;0.068789;-0.055535;0.0;0.0;-2.064654
-560.0;-180.0;-360.0;-360.0;-360.0;-360.0;-360.0;-360.0;-360.0;-360.0;-360.0;-360.0;-200.0;180.0;0.0;0.0;0.0;0.0;0.0;0.0;0.0;0.0;0.0;0.0;160.0;540.0;360.0;360.0;360.0;360.0;360.0;360.0;360.0;360.0;360.0;360.0
-0.676642;-0.676642;0.0;0.0;0.0;0.0;-0.399665;-0.372058;-0.461964;-0.471984;0.0;0.0;-0.676642;-0.676642;0.0;0.0;0.0;0.0;-0.399665;-0.372058;-0.461964;-0.471984;0.0;0.0;-0.676642;-0.676642;0.0;0.0;0.0;0.0;-0.399665;-0.372058;-0.461964;-0.471984;0.0;0.0
