HE22 psi+1 obond
0.0152293787879
-0.0406579090909;0.0711166666667
N/A
N/A
N/A
Y;N
-560.0;-540.0;-420.0;-400.0;-380.0;-300.0;-280.0;-260.0;-240.0;-220.0;-200.0;-180.0;-60.0;-40.0;-20.0;60.0;80.0;100.0;120.0;140.0;160.0;180.0;300.0;320.0;340.0;420.0;440.0;460.0;480.0;500.0;520.0;540.0
-0.05462;-0.190548;-0.139939;-0.145536;-0.150438;0.22973;0.106091;0.023607;0.030047;0.034917;-0.05462;-0.190548;-0.139939;-0.145536;-0.150438;0.22973;0.106091;0.023607;0.030047;0.034917;-0.05462;-0.190548;-0.139939;-0.145536;-0.150438;0.22973;0.106091;0.023607;0.030047;0.034917;-0.05462;-0.190548
-560.0;-540.0;-520.0;-460.0;-440.0;-420.0;-400.0;-380.0;-360.0;-340.0;-320.0;-260.0;-240.0;-220.0;-200.0;-180.0;-160.0;-100.0;-80.0;-60.0;-40.0;-20.0;0.0;20.0;40.0;100.0;120.0;140.0;160.0;180.0;200.0;260.0;280.0;300.0;320.0;340.0;360.0;380.0;400.0;460.0;480.0;500.0;520.0;540.0;560.0
-0.018988;-0.068005;-0.129096;0.062275;0.062275;0.011653;0.011653;0.042171;0.015899;0.54466;0.701601;0.123743;-0.104707;-0.120379;-0.018988;-0.068005;-0.129096;0.062275;0.062275;0.011653;0.011653;0.042171;0.015899;0.54466;0.701601;0.123743;-0.104707;-0.120379;-0.018988;-0.068005;-0.129096;0.062275;0.062275;0.011653;0.011653;0.042171;0.015899;0.54466;0.701601;0.123743;-0.104707;-0.120379;-0.018988;-0.068005;-0.129096
