HE2 chi2 aa
-2.06366181818
-2.06366181818;-2.06366181818;-2.06366181818;-2.06366181818;-4.15936166667;-2.06366181818;-2.06366181818;-2.06366181818;0.00668;-2.06366181818;-2.06366181818;-2.06366181818;-2.06366181818;-2.06366181818;-2.06366181818;-2.06366181818;-2.06366181818;-2.06366181818;-2.06366181818;-2.56222875
-2.526562;-2.48040933333;-2.502908;-2.06366181818;-0.085321
A;C;D;E;F;G;H;I;K;L;M;N;P;Q;R;S;T;V;W;Y
60.000000;180.000000;300.000000;ALA;Unknown
0.0;0.0;0.0;0.0;0.0
60.000000;180.000000;300.000000;ALA;Unknown
0.0;0.0;0.0;0.0;0.0
60.000000;180.000000;300.000000;ALA;Unknown
0.0;0.0;0.0;0.0;0.0
60.000000;180.000000;300.000000;ALA;Unknown
0.0;0.0;0.0;0.0;0.0
60.000000;180.000000;300.000000;ALA;Unknown
-4.214445;-4.206199;-4.057441;0.0;0.0
60.000000;180.000000;300.000000;ALA;Unknown
0.0;0.0;0.0;0.0;0.0
60.000000;180.000000;300.000000;ALA;Unknown
0.0;0.0;0.0;0.0;0.0
60.000000;180.000000;300.000000;ALA;Unknown
0.0;0.0;0.0;0.0;0.0
60.000000;180.000000;300.000000;ALA;Unknown
0.089985;-0.000594;0.000532;0.0;-0.063203
60.000000;180.000000;300.000000;ALA;Unknown
0.0;0.0;0.0;0.0;0.0
60.000000;180.000000;300.000000;ALA;Unknown
0.0;0.0;0.0;0.0;0.0
60.000000;180.000000;300.000000;ALA;Unknown
0.0;0.0;0.0;0.0;0.0
60.000000;180.000000;300.000000;ALA;Unknown
0.0;0.0;0.0;0.0;0.0
60.000000;180.000000;300.000000;ALA;Unknown
0.0;0.0;0.0;0.0;0.0
60.000000;180.000000;300.000000;ALA;Unknown
0.0;0.0;0.0;0.0;0.0
60.000000;180.000000;300.000000;ALA;Unknown
0.0;0.0;0.0;0.0;0.0
60.000000;180.000000;300.000000;ALA;Unknown
0.0;0.0;0.0;0.0;0.0
60.000000;180.000000;300.000000;ALA;Unknown
0.0;0.0;0.0;0.0;0.0
60.000000;180.000000;300.000000;ALA;Unknown
0.0;0.0;0.0;0.0;0.0
60.000000;180.000000;300.000000;ALA;Unknown
-3.455226;-3.234435;-3.451815;0.0;-0.107439
