HE2 phi-1 obond
-0.0161604285714
0.00248828571429;-0.0348091428571
N/A
N/A
N/A
Y;N
-540.0;-520.0;-500.0;-480.0;-460.0;-440.0;-420.0;-400.0;-320.0;-300.0;-280.0;-260.0;-240.0;-180.0;-160.0;-140.0;-120.0;-100.0;-80.0;-60.0;-40.0;40.0;60.0;80.0;100.0;120.0;180.0;200.0;220.0;240.0;260.0;280.0;300.0;320.0;400.0;420.0;440.0;460.0;480.0;540.0;560.0
0.11042;-0.042677;-0.04998;-0.035578;-0.071159;-0.08425;-0.060319;-0.01245;0.119413;-0.004104;-0.027973;-0.002986;0.086059;0.11042;-0.042677;-0.04998;-0.035578;-0.071159;-0.08425;-0.060319;-0.01245;0.119413;-0.004104;-0.027973;-0.002986;0.086059;0.11042;-0.042677;-0.04998;-0.035578;-0.071159;-0.08425;-0.060319;-0.01245;0.119413;-0.004104;-0.027973;-0.002986;0.086059;0.11042;-0.042677
-540.0;-520.0;-500.0;-480.0;-460.0;-440.0;-420.0;-400.0;-320.0;-300.0;-280.0;-260.0;-240.0;-180.0;-160.0;-140.0;-120.0;-100.0;-80.0;-60.0;-40.0;40.0;60.0;80.0;100.0;120.0;180.0;200.0;220.0;240.0;260.0;280.0;300.0;320.0;400.0;420.0;440.0;460.0;480.0;540.0;560.0
-0.111475;-0.172516;-0.156713;-0.00489;0.065702;0.02123;0.016083;0.079323;0.059813;0.042648;-0.145091;-0.11532;0.045353;-0.111475;-0.172516;-0.156713;-0.00489;0.065702;0.02123;0.016083;0.079323;0.059813;0.042648;-0.145091;-0.11532;0.045353;-0.111475;-0.172516;-0.156713;-0.00489;0.065702;0.02123;0.016083;0.079323;0.059813;0.042648;-0.145091;-0.11532;0.045353;-0.111475;-0.172516
