HE3 chi-1 aa
-0.006064125
-0.006064125;-0.006064125;-0.006064125;-0.006064125;-0.006064125;-0.006064125;-0.006064125;-0.006064125;-0.000215;-0.006064125;-0.006064125;-0.006064125;-0.006064125;-0.006064125;-0.006064125;-0.006064125;-0.006064125;-0.006064125;-0.01191325;-0.006064125
-0.030247;-0.0035665;0.025568;-0.016011;-0.006064125;-0.006064125
A;C;D;E;F;G;H;I;K;L;M;N;P;Q;R;S;T;V;W;Y
60.000000;180.000000;300.000000;Unknown;ALA;GLY
0.0;0.0;0.0;0.0;0.0;0.0
60.000000;180.000000;300.000000;Unknown;ALA;GLY
0.0;0.0;0.0;0.0;0.0;0.0
60.000000;180.000000;300.000000;Unknown;ALA;GLY
0.0;0.0;0.0;0.0;0.0;0.0
60.000000;180.000000;300.000000;Unknown;ALA;GLY
0.0;0.0;0.0;0.0;0.0;0.0
60.000000;180.000000;300.000000;Unknown;ALA;GLY
0.0;0.0;0.0;0.0;0.0;0.0
60.000000;180.000000;300.000000;Unknown;ALA;GLY
0.0;0.0;0.0;0.0;0.0;0.0
60.000000;180.000000;300.000000;Unknown;ALA;GLY
0.0;0.0;0.0;0.0;0.0;0.0
60.000000;180.000000;300.000000;Unknown;ALA;GLY
0.0;0.0;0.0;0.0;0.0;0.0
60.000000;180.000000;300.000000;Unknown;ALA;GLY
0.082782;-0.0639;0.002892;-0.022634;0.0;0.0
60.000000;180.000000;300.000000;Unknown;ALA;GLY
0.0;0.0;0.0;0.0;0.0;0.0
60.000000;180.000000;300.000000;Unknown;ALA;GLY
0.0;0.0;0.0;0.0;0.0;0.0
60.000000;180.000000;300.000000;Unknown;ALA;GLY
0.0;0.0;0.0;0.0;0.0;0.0
60.000000;180.000000;300.000000;Unknown;ALA;GLY
0.0;0.0;0.0;0.0;0.0;0.0
60.000000;180.000000;300.000000;Unknown;ALA;GLY
0.0;0.0;0.0;0.0;0.0;0.0
60.000000;180.000000;300.000000;Unknown;ALA;GLY
0.0;0.0;0.0;0.0;0.0;0.0
60.000000;180.000000;300.000000;Unknown;ALA;GLY
0.0;0.0;0.0;0.0;0.0;0.0
60.000000;180.000000;300.000000;Unknown;ALA;GLY
0.0;0.0;0.0;0.0;0.0;0.0
60.000000;180.000000;300.000000;Unknown;ALA;GLY
0.0;0.0;0.0;0.0;0.0;0.0
60.000000;180.000000;300.000000;Unknown;ALA;GLY
-0.143276;0.056767;0.048244;-0.009388;0.0;0.0
60.000000;180.000000;300.000000;Unknown;ALA;GLY
0.0;0.0;0.0;0.0;0.0;0.0
