HE3 psi+1 aa
-0.0864916965812
0.00539122222222;-0.178374615385
N/A
N/A
N/A
K;W
-560.0;-540.0;-520.0;-500.0;-480.0;-440.0;-420.0;-400.0;-380.0;-360.0;-340.0;-320.0;-300.0;-280.0;-260.0;-240.0;-220.0;-200.0;-180.0;-160.0;-140.0;-120.0;-80.0;-60.0;-40.0;-20.0;0.0;20.0;40.0;60.0;80.0;100.0;120.0;140.0;160.0;180.0;200.0;220.0;240.0;280.0;300.0;320.0;340.0;360.0;380.0;400.0;420.0;440.0;460.0;480.0;500.0;520.0;540.0;560.0
-0.043782;0.017436;-0.001508;0.101607;0.083507;0.037379;0.015958;0.034842;0.042035;0.041274;0.070275;-0.070593;-0.137397;0.061986;0.012929;-0.085403;-0.100939;-0.043782;0.017436;-0.001508;0.101607;0.083507;0.037379;0.015958;0.034842;0.042035;0.041274;0.070275;-0.070593;-0.137397;0.061986;0.012929;-0.085403;-0.100939;-0.043782;0.017436;-0.001508;0.101607;0.083507;0.037379;0.015958;0.034842;0.042035;0.041274;0.070275;-0.070593;-0.137397;0.061986;0.012929;-0.085403;-0.100939;-0.043782;0.017436;-0.001508
-560.0;-540.0;-520.0;-420.0;-400.0;-380.0;-360.0;-340.0;-320.0;-260.0;-240.0;-220.0;-200.0;-180.0;-160.0;-60.0;-40.0;-20.0;0.0;20.0;40.0;100.0;120.0;140.0;160.0;180.0;200.0;300.0;320.0;340.0;360.0;380.0;400.0;460.0;480.0;500.0;520.0;540.0;560.0
0.109536;-0.115186;0.018851;0.031673;0.086879;0.219353;0.209442;-0.990541;-2.026882;-0.06195;0.102501;0.21264;0.109536;-0.115186;0.018851;0.031673;0.086879;0.219353;0.209442;-0.990541;-2.026882;-0.06195;0.102501;0.21264;0.109536;-0.115186;0.018851;0.031673;0.086879;0.219353;0.209442;-0.990541;-2.026882;-0.06195;0.102501;0.21264;0.109536;-0.115186;0.018851
