HE3 phi aa
-2.30890928889
-0.0216798;-4.59613877778
N/A
N/A
N/A
K;W
-520.0;-500.0;-480.0;-460.0;-440.0;-420.0;-400.0;-320.0;-300.0;-280.0;-160.0;-140.0;-120.0;-100.0;-80.0;-60.0;-40.0;40.0;60.0;80.0;200.0;220.0;240.0;260.0;280.0;300.0;320.0;400.0;420.0;440.0;560.0
-0.092143;0.001068;-0.007323;-0.019742;-0.036491;-0.026864;-0.00901;0.074794;-0.0159;-0.085187;-0.092143;0.001068;-0.007323;-0.019742;-0.036491;-0.026864;-0.00901;0.074794;-0.0159;-0.085187;-0.092143;0.001068;-0.007323;-0.019742;-0.036491;-0.026864;-0.00901;0.074794;-0.0159;-0.085187;-0.092143
-540.0;-520.0;-500.0;-480.0;-460.0;-440.0;-420.0;-400.0;-180.0;-160.0;-140.0;-120.0;-100.0;-80.0;-60.0;-40.0;180.0;200.0;220.0;240.0;260.0;280.0;300.0;320.0;540.0;560.0
-4.610204;-4.758186;-4.66884;-4.741084;-4.624387;-4.488806;-4.479057;-4.384481;-4.610204;-4.758186;-4.66884;-4.741084;-4.624387;-4.488806;-4.479057;-4.384481;-4.610204;-4.758186;-4.66884;-4.741084;-4.624387;-4.488806;-4.479057;-4.384481;-4.610204;-4.758186
