HG13 olen chi
0.291905516667
0.10599475;0.635225333333;0.134496466667
N/A
0.027076
N/A
60.000000;180.000000;300.000000
1.929334;2.037639;2.091792;2.145944;2.200097;2.362555;2.47086;2.525013
0.166115;0.347867;-0.137159;0.067868;0.053127;-0.116593;0.077142;0.389591
1.929334;1.983486;2.091792
0.294658;0.759448;0.85157
1.766876;1.875181;1.929334;1.983486;2.037639;2.091792;2.145944;2.200097;2.254249;2.362555;2.416707;2.47086;2.525013;2.633318;2.741623
0.213405;0.022844;-0.192389;-0.092683;0.008509;-0.105488;-0.069602;0.210912;-0.164043;0.42983;0.216281;0.710471;0.124827;0.273968;0.430605
