0.000000 1.936523 2.033728 2.130934 2.228139 2.325344 2.422549 2.519755 
-0.146737 0.133286 0.044336 0.057020 0.025550 0.012250 -0.395593 0.311504 
0.000000 1.839318 1.936523 2.033728 2.130934 2.228139 2.325344 2.422549 2.519755 2.616960 3.005781 
-0.116463 -0.021293 0.034868 0.002423 0.178159 0.022973 -0.029685 -0.372334 0.176103 0.017545 -0.114593 
0.000000 1.839318 1.936523 2.033728 2.130934 2.228139 2.325344 2.519755 2.616960 
-0.104861 -0.043558 0.009696 0.004320 0.150308 0.017302 -0.004916 0.067246 0.017545 
0.000000 1.839318 1.936523 2.033728 2.130934 2.228139 2.325344 2.422549 2.616960 3.005781 
0.047581 0.109338 0.207168 -0.037453 0.094362 -0.037263 0.025157 0.062357 0.055682 -0.152185 
0.000000 1.839318 1.936523 2.033728 2.130934 2.228139 2.325344 2.422549 2.616960 
0.070622 0.154983 0.236195 0.003445 0.119427 -0.049442 -0.014866 0.036508 0.006712 
0.000000 1.936523 2.033728 2.130934 2.325344 
0.086144 0.138029 0.006104 0.196920 -0.170997 
