HG1 hnlen phi
0.0517737931503
0.029509125;-0.00528309090909;0.010091;0.029509125;-0.00528309090909;0.010091;0.029509125;-0.00528309090909;0.010091
N/A
-440.0;-420.0;-400.0;-80.0;-60.0;-40.0;280.0;300.0;320.0
1.936523;2.033728;2.130934;2.228139;2.325344;2.422549;2.519755
0.133286;0.044336;0.05702;0.02555;0.01225;-0.395593;0.311504
1.839318;1.936523;2.033728;2.130934;2.228139;2.325344;2.422549;2.519755;2.61696;3.005781
-0.021293;0.034868;0.002423;0.178159;0.022973;-0.029685;-0.372334;0.176103;0.017545;-0.114593
1.839318;1.936523;2.033728;2.130934;2.228139;2.325344;2.519755;2.61696
-0.043558;0.009696;0.00432;0.150308;0.017302;-0.004916;0.067246;0.017545
1.936523;2.033728;2.130934;2.228139;2.325344;2.422549;2.519755
0.133286;0.044336;0.05702;0.02555;0.01225;-0.395593;0.311504
1.839318;1.936523;2.033728;2.130934;2.228139;2.325344;2.422549;2.519755;2.61696;3.005781
-0.021293;0.034868;0.002423;0.178159;0.022973;-0.029685;-0.372334;0.176103;0.017545;-0.114593
1.839318;1.936523;2.033728;2.130934;2.228139;2.325344;2.519755;2.61696
-0.043558;0.009696;0.00432;0.150308;0.017302;-0.004916;0.067246;0.017545
1.936523;2.033728;2.130934;2.228139;2.325344;2.422549;2.519755
0.133286;0.044336;0.05702;0.02555;0.01225;-0.395593;0.311504
1.839318;1.936523;2.033728;2.130934;2.228139;2.325344;2.422549;2.519755;2.61696;3.005781
-0.021293;0.034868;0.002423;0.178159;0.022973;-0.029685;-0.372334;0.176103;0.017545;-0.114593
1.839318;1.936523;2.033728;2.130934;2.228139;2.325344;2.519755;2.61696
-0.043558;0.009696;0.00432;0.150308;0.017302;-0.004916;0.067246;0.017545
