HG1 psi hnbond
-0.0658867916667
-0.1487885;0.0170149166667
N/A
N/A
N/A
Y;N
-560.0;-540.0;-520.0;-500.0;-420.0;-400.0;-380.0;-360.0;-340.0;-320.0;-260.0;-240.0;-220.0;-200.0;-180.0;-160.0;-140.0;-60.0;-40.0;-20.0;0.0;20.0;40.0;100.0;120.0;140.0;160.0;180.0;200.0;220.0;300.0;320.0;340.0;360.0;380.0;400.0;460.0;480.0;500.0;520.0;540.0;560.0
-0.243716;-0.349142;-0.099061;0.116046;-0.021605;-0.046656;-0.065938;-0.11633;-0.202969;-0.14885;-0.215028;-0.172994;-0.167654;-0.243716;-0.349142;-0.099061;0.116046;-0.021605;-0.046656;-0.065938;-0.11633;-0.202969;-0.14885;-0.215028;-0.172994;-0.167654;-0.243716;-0.349142;-0.099061;0.116046;-0.021605;-0.046656;-0.065938;-0.11633;-0.202969;-0.14885;-0.215028;-0.172994;-0.167654;-0.243716;-0.349142;-0.099061
-560.0;-540.0;-420.0;-400.0;-380.0;-360.0;-340.0;-320.0;-260.0;-240.0;-220.0;-200.0;-180.0;-60.0;-40.0;-20.0;0.0;20.0;40.0;100.0;120.0;140.0;160.0;180.0;300.0;320.0;340.0;360.0;380.0;400.0;460.0;480.0;500.0;520.0;540.0
-0.009242;-0.005611;-0.178806;-0.108224;-0.034965;-0.096806;0.144568;0.144568;0.359673;0.0329;-0.038265;-0.009242;-0.005611;-0.178806;-0.108224;-0.034965;-0.096806;0.144568;0.144568;0.359673;0.0329;-0.038265;-0.009242;-0.005611;-0.178806;-0.108224;-0.034965;-0.096806;0.144568;0.144568;0.359673;0.0329;-0.038265;-0.009242;-0.005611
