HG phi-1 phi
-0.00456862518926
0.0025546;-0.1646195;0.0212898;0.0813423;-0.0437966153846;-0.0801102142857;-0.0315752222222;0.0025546;-0.1646195;0.0212898;0.0813423;-0.0437966153846;-0.0801102142857;-0.0315752222222;0.0025546;-0.1646195;0.0212898;0.0813423;-0.0437966153846;-0.0801102142857;-0.0315752222222;0.0025546
N/A
N/A
N/A
-520.0;-500.0;-480.0;-460.0;-440.0;-420.0;-400.0;-160.0;-140.0;-120.0;-100.0;-80.0;-60.0;-40.0;200.0;220.0;240.0;260.0;280.0;300.0;320.0;560.0
-520.0;-500.0;-480.0;-460.0;-440.0;-160.0;-140.0;-120.0;-100.0;-80.0;240.0;260.0;280.0
0.045827;0.010329;-0.034942;-0.025468;0.017027;0.045827;0.010329;-0.034942;-0.025468;0.017027;0.045827;-0.025468;0.017027
-520.0;-500.0;-480.0;-460.0;-440.0;-420.0;-300.0;-280.0;-160.0;-140.0;-120.0;-100.0;-80.0;-60.0;60.0;80.0;240.0;260.0;280.0;300.0;420.0;440.0
0.045827;-0.090229;-0.1903;-0.238693;-0.154398;0.066275;-0.377719;-0.377719;0.045827;-0.090229;-0.1903;-0.238693;-0.154398;0.066275;-0.377719;-0.377719;0.045827;-0.238693;-0.154398;0.066275;-0.377719;-0.377719
-540.0;-520.0;-500.0;-480.0;-460.0;-440.0;-420.0;-300.0;-280.0;-180.0;-160.0;-140.0;-120.0;-100.0;-80.0;-60.0;60.0;80.0;180.0;240.0;260.0;280.0;300.0;420.0;440.0;540.0
0.466492;0.160343;-0.113918;-0.16956;-0.097886;-0.024066;0.046803;-0.260901;-0.260901;0.466492;0.160343;-0.113918;-0.16956;-0.097886;-0.024066;0.046803;-0.260901;-0.260901;0.466492;0.160343;-0.097886;-0.024066;0.046803;-0.260901;-0.260901;0.466492
-540.0;-520.0;-500.0;-480.0;-460.0;-440.0;-420.0;-300.0;-280.0;-180.0;-160.0;-140.0;-120.0;-100.0;-80.0;-60.0;60.0;80.0;180.0;240.0;260.0;280.0;300.0;420.0;440.0;540.0
0.466492;0.135756;0.014364;-0.011686;0.009023;0.014801;0.005799;-0.144322;-0.143296;0.466492;0.135756;0.014364;-0.011686;0.009023;0.014801;0.005799;-0.144322;-0.143296;0.466492;0.135756;0.009023;0.014801;0.005799;-0.144322;-0.143296;0.466492
-540.0;-520.0;-500.0;-480.0;-460.0;-440.0;-420.0;-400.0;-320.0;-300.0;-280.0;-260.0;-180.0;-160.0;-140.0;-120.0;-100.0;-80.0;-60.0;-40.0;40.0;60.0;80.0;100.0;180.0;240.0;260.0;280.0;300.0;320.0;400.0;420.0;440.0;460.0;540.0
-0.231108;-0.109166;0.022812;-0.007339;0.063179;-0.032838;-0.060799;-0.08345;0.039082;-0.065073;-0.021518;0.14797;-0.231108;-0.109166;0.022812;-0.007339;0.063179;-0.032838;-0.060799;-0.08345;0.039082;-0.065073;-0.021518;0.14797;-0.231108;-0.109166;0.063179;-0.032838;-0.060799;-0.08345;0.039082;-0.065073;-0.021518;0.14797;-0.231108
-540.0;-520.0;-500.0;-480.0;-460.0;-440.0;-420.0;-400.0;-320.0;-300.0;-280.0;-260.0;-240.0;-180.0;-160.0;-140.0;-120.0;-100.0;-80.0;-60.0;-40.0;40.0;60.0;80.0;100.0;120.0;180.0;240.0;260.0;280.0;300.0;320.0;400.0;420.0;440.0;460.0;480.0;540.0
-0.231108;-0.224722;-0.234721;-0.102553;0.087475;-0.019174;-0.041164;-0.014142;0.039082;-0.061432;0.01116;0.049201;-0.148337;-0.231108;-0.224722;-0.234721;-0.102553;0.087475;-0.019174;-0.041164;-0.014142;0.039082;-0.061432;0.01116;0.049201;-0.148337;-0.231108;-0.224722;0.087475;-0.019174;-0.041164;-0.014142;0.039082;-0.061432;0.01116;0.049201;-0.148337;-0.231108
-520.0;-500.0;-480.0;-460.0;-440.0;-420.0;-400.0;-260.0;-240.0;-160.0;-140.0;-120.0;-100.0;-80.0;-60.0;-40.0;100.0;120.0;240.0;260.0;280.0;300.0;320.0;460.0;480.0
-0.218336;-0.171986;-0.006342;0.100782;0.079199;0.086011;0.143169;-0.148337;-0.148337;-0.218336;-0.171986;-0.006342;0.100782;0.079199;0.086011;0.143169;-0.148337;-0.148337;-0.218336;0.100782;0.079199;0.086011;0.143169;-0.148337;-0.148337
-520.0;-500.0;-480.0;-460.0;-440.0;-160.0;-140.0;-120.0;-100.0;-80.0;240.0;260.0;280.0
0.045827;0.010329;-0.034942;-0.025468;0.017027;0.045827;0.010329;-0.034942;-0.025468;0.017027;0.045827;-0.025468;0.017027
-520.0;-500.0;-480.0;-460.0;-440.0;-420.0;-300.0;-280.0;-160.0;-140.0;-120.0;-100.0;-80.0;-60.0;60.0;80.0;240.0;260.0;280.0;300.0;420.0;440.0
0.045827;-0.090229;-0.1903;-0.238693;-0.154398;0.066275;-0.377719;-0.377719;0.045827;-0.090229;-0.1903;-0.238693;-0.154398;0.066275;-0.377719;-0.377719;0.045827;-0.238693;-0.154398;0.066275;-0.377719;-0.377719
-540.0;-520.0;-500.0;-480.0;-460.0;-440.0;-420.0;-300.0;-280.0;-180.0;-160.0;-140.0;-120.0;-100.0;-80.0;-60.0;60.0;80.0;180.0;240.0;260.0;280.0;300.0;420.0;440.0;540.0
0.466492;0.160343;-0.113918;-0.16956;-0.097886;-0.024066;0.046803;-0.260901;-0.260901;0.466492;0.160343;-0.113918;-0.16956;-0.097886;-0.024066;0.046803;-0.260901;-0.260901;0.466492;0.160343;-0.097886;-0.024066;0.046803;-0.260901;-0.260901;0.466492
-540.0;-520.0;-500.0;-480.0;-460.0;-440.0;-420.0;-300.0;-280.0;-180.0;-160.0;-140.0;-120.0;-100.0;-80.0;-60.0;60.0;80.0;180.0;240.0;260.0;280.0;300.0;420.0;440.0;540.0
0.466492;0.135756;0.014364;-0.011686;0.009023;0.014801;0.005799;-0.144322;-0.143296;0.466492;0.135756;0.014364;-0.011686;0.009023;0.014801;0.005799;-0.144322;-0.143296;0.466492;0.135756;0.009023;0.014801;0.005799;-0.144322;-0.143296;0.466492
-540.0;-520.0;-500.0;-480.0;-460.0;-440.0;-420.0;-400.0;-320.0;-300.0;-280.0;-260.0;-180.0;-160.0;-140.0;-120.0;-100.0;-80.0;-60.0;-40.0;40.0;60.0;80.0;100.0;180.0;240.0;260.0;280.0;300.0;320.0;400.0;420.0;440.0;460.0;540.0
-0.231108;-0.109166;0.022812;-0.007339;0.063179;-0.032838;-0.060799;-0.08345;0.039082;-0.065073;-0.021518;0.14797;-0.231108;-0.109166;0.022812;-0.007339;0.063179;-0.032838;-0.060799;-0.08345;0.039082;-0.065073;-0.021518;0.14797;-0.231108;-0.109166;0.063179;-0.032838;-0.060799;-0.08345;0.039082;-0.065073;-0.021518;0.14797;-0.231108
-540.0;-520.0;-500.0;-480.0;-460.0;-440.0;-420.0;-400.0;-320.0;-300.0;-280.0;-260.0;-240.0;-180.0;-160.0;-140.0;-120.0;-100.0;-80.0;-60.0;-40.0;40.0;60.0;80.0;100.0;120.0;180.0;240.0;260.0;280.0;300.0;320.0;400.0;420.0;440.0;460.0;480.0;540.0
-0.231108;-0.224722;-0.234721;-0.102553;0.087475;-0.019174;-0.041164;-0.014142;0.039082;-0.061432;0.01116;0.049201;-0.148337;-0.231108;-0.224722;-0.234721;-0.102553;0.087475;-0.019174;-0.041164;-0.014142;0.039082;-0.061432;0.01116;0.049201;-0.148337;-0.231108;-0.224722;0.087475;-0.019174;-0.041164;-0.014142;0.039082;-0.061432;0.01116;0.049201;-0.148337;-0.231108
-520.0;-500.0;-480.0;-460.0;-440.0;-420.0;-400.0;-260.0;-240.0;-160.0;-140.0;-120.0;-100.0;-80.0;-60.0;-40.0;100.0;120.0;240.0;260.0;280.0;300.0;320.0;460.0;480.0
-0.218336;-0.171986;-0.006342;0.100782;0.079199;0.086011;0.143169;-0.148337;-0.148337;-0.218336;-0.171986;-0.006342;0.100782;0.079199;0.086011;0.143169;-0.148337;-0.148337;-0.218336;0.100782;0.079199;0.086011;0.143169;-0.148337;-0.148337
-520.0;-500.0;-480.0;-460.0;-440.0;-160.0;-140.0;-120.0;-100.0;-80.0;240.0;260.0;280.0
0.045827;0.010329;-0.034942;-0.025468;0.017027;0.045827;0.010329;-0.034942;-0.025468;0.017027;0.045827;-0.025468;0.017027
-520.0;-500.0;-480.0;-460.0;-440.0;-420.0;-300.0;-280.0;-160.0;-140.0;-120.0;-100.0;-80.0;-60.0;60.0;80.0;240.0;260.0;280.0;300.0;420.0;440.0
0.045827;-0.090229;-0.1903;-0.238693;-0.154398;0.066275;-0.377719;-0.377719;0.045827;-0.090229;-0.1903;-0.238693;-0.154398;0.066275;-0.377719;-0.377719;0.045827;-0.238693;-0.154398;0.066275;-0.377719;-0.377719
-540.0;-520.0;-500.0;-480.0;-460.0;-440.0;-420.0;-300.0;-280.0;-180.0;-160.0;-140.0;-120.0;-100.0;-80.0;-60.0;60.0;80.0;180.0;240.0;260.0;280.0;300.0;420.0;440.0;540.0
0.466492;0.160343;-0.113918;-0.16956;-0.097886;-0.024066;0.046803;-0.260901;-0.260901;0.466492;0.160343;-0.113918;-0.16956;-0.097886;-0.024066;0.046803;-0.260901;-0.260901;0.466492;0.160343;-0.097886;-0.024066;0.046803;-0.260901;-0.260901;0.466492
-540.0;-520.0;-500.0;-480.0;-460.0;-440.0;-420.0;-300.0;-280.0;-180.0;-160.0;-140.0;-120.0;-100.0;-80.0;-60.0;60.0;80.0;180.0;240.0;260.0;280.0;300.0;420.0;440.0;540.0
0.466492;0.135756;0.014364;-0.011686;0.009023;0.014801;0.005799;-0.144322;-0.143296;0.466492;0.135756;0.014364;-0.011686;0.009023;0.014801;0.005799;-0.144322;-0.143296;0.466492;0.135756;0.009023;0.014801;0.005799;-0.144322;-0.143296;0.466492
-540.0;-520.0;-500.0;-480.0;-460.0;-440.0;-420.0;-400.0;-320.0;-300.0;-280.0;-260.0;-180.0;-160.0;-140.0;-120.0;-100.0;-80.0;-60.0;-40.0;40.0;60.0;80.0;100.0;180.0;240.0;260.0;280.0;300.0;320.0;400.0;420.0;440.0;460.0;540.0
-0.231108;-0.109166;0.022812;-0.007339;0.063179;-0.032838;-0.060799;-0.08345;0.039082;-0.065073;-0.021518;0.14797;-0.231108;-0.109166;0.022812;-0.007339;0.063179;-0.032838;-0.060799;-0.08345;0.039082;-0.065073;-0.021518;0.14797;-0.231108;-0.109166;0.063179;-0.032838;-0.060799;-0.08345;0.039082;-0.065073;-0.021518;0.14797;-0.231108
-540.0;-520.0;-500.0;-480.0;-460.0;-440.0;-420.0;-400.0;-320.0;-300.0;-280.0;-260.0;-240.0;-180.0;-160.0;-140.0;-120.0;-100.0;-80.0;-60.0;-40.0;40.0;60.0;80.0;100.0;120.0;180.0;240.0;260.0;280.0;300.0;320.0;400.0;420.0;440.0;460.0;480.0;540.0
-0.231108;-0.224722;-0.234721;-0.102553;0.087475;-0.019174;-0.041164;-0.014142;0.039082;-0.061432;0.01116;0.049201;-0.148337;-0.231108;-0.224722;-0.234721;-0.102553;0.087475;-0.019174;-0.041164;-0.014142;0.039082;-0.061432;0.01116;0.049201;-0.148337;-0.231108;-0.224722;0.087475;-0.019174;-0.041164;-0.014142;0.039082;-0.061432;0.01116;0.049201;-0.148337;-0.231108
-520.0;-500.0;-480.0;-460.0;-440.0;-420.0;-400.0;-260.0;-240.0;-160.0;-140.0;-120.0;-100.0;-80.0;-60.0;-40.0;100.0;120.0;240.0;260.0;280.0;300.0;320.0;460.0;480.0
-0.218336;-0.171986;-0.006342;0.100782;0.079199;0.086011;0.143169;-0.148337;-0.148337;-0.218336;-0.171986;-0.006342;0.100782;0.079199;0.086011;0.143169;-0.148337;-0.148337;-0.218336;0.100782;0.079199;0.086011;0.143169;-0.148337;-0.148337
-520.0;-500.0;-480.0;-460.0;-440.0;-160.0;-140.0;-120.0;-100.0;-80.0;240.0;260.0;280.0
0.045827;0.010329;-0.034942;-0.025468;0.017027;0.045827;0.010329;-0.034942;-0.025468;0.017027;0.045827;-0.025468;0.017027
