HG psi ss
-0.102452527778
-0.12457375;-0.0236915;-0.159092333333
N/A
C;H;B
-560.0;-180.0;-360.0;-360.0;-360.0;-360.0;-360.0;-360.0;-360.0;-360.0;-360.0;-360.0;-360.0;-200.0;180.0;0.0;0.0;0.0;0.0;0.0;0.0;0.0;0.0;0.0;0.0;0.0;160.0;540.0;360.0;360.0;360.0;360.0;360.0;360.0;360.0;360.0;360.0;360.0;360.0
-0.172673;-0.186298;0.0;0.0;0.0;0.0;0.0;0.203835;0.172019;0.080013;-0.342418;-0.468299;0.0;-0.172673;-0.186298;0.0;0.0;0.0;0.0;0.0;0.203835;0.172019;0.080013;-0.342418;-0.468299;0.0;-0.172673;-0.186298;0.0;0.0;0.0;0.0;0.0;0.203835;0.172019;0.080013;-0.342418;-0.468299;0.0
-320.0;-360.0;-360.0;-360.0;-360.0;-360.0;40.0;0.0;0.0;0.0;0.0;0.0;400.0;360.0;360.0;360.0;360.0;360.0
0.052121;0.0;0.0;0.0;0.0;0.0;0.052121;0.0;0.0;0.0;0.0;0.0;0.052121;0.0;0.0;0.0;0.0;0.0
-560.0;-180.0;-360.0;-360.0;-360.0;-360.0;-360.0;-360.0;-360.0;-360.0;-200.0;180.0;0.0;0.0;0.0;0.0;0.0;0.0;0.0;0.0;160.0;540.0;360.0;360.0;360.0;360.0;360.0;360.0;360.0;360.0
-0.137552;-0.345901;0.0;0.0;0.0;0.0;0.0;-0.109753;-0.123975;0.0;-0.137552;-0.345901;0.0;0.0;0.0;0.0;0.0;-0.109753;-0.123975;0.0;-0.137552;-0.345901;0.0;0.0;0.0;0.0;0.0;-0.109753;-0.123975;0.0
