0.000000 -520.000000 -500.000000 -480.000000 -460.000000 -440.000000 -160.000000 -140.000000 -120.000000 -100.000000 -80.000000 200.000000 220.000000 240.000000 260.000000 280.000000 
0.000000 0.045827 0.010329 -0.034942 -0.025468 0.017027 0.045827 0.010329 -0.034942 -0.025468 0.017027 0.045827 0.010329 -0.034942 -0.025468 0.017027 
0.000000 -520.000000 -500.000000 -480.000000 -460.000000 -440.000000 -420.000000 -300.000000 -280.000000 -160.000000 -140.000000 -120.000000 -100.000000 -80.000000 -60.000000 60.000000 80.000000 200.000000 220.000000 240.000000 260.000000 280.000000 300.000000 420.000000 440.000000 
0.000000 0.045827 -0.090229 -0.190300 -0.238693 -0.154398 0.066275 -0.377719 -0.377719 0.045827 -0.090229 -0.190300 -0.238693 -0.154398 0.066275 -0.377719 -0.377719 0.045827 -0.090229 -0.190300 -0.238693 -0.154398 0.066275 -0.377719 -0.377719 
0.000000 -540.000000 -520.000000 -500.000000 -480.000000 -460.000000 -440.000000 -420.000000 -300.000000 -280.000000 -180.000000 -160.000000 -140.000000 -120.000000 -100.000000 -80.000000 -60.000000 60.000000 80.000000 180.000000 200.000000 220.000000 240.000000 260.000000 280.000000 300.000000 420.000000 440.000000 540.000000 
0.000000 0.466492 0.160343 -0.113918 -0.169560 -0.097886 -0.024066 0.046803 -0.260901 -0.260901 0.466492 0.160343 -0.113918 -0.169560 -0.097886 -0.024066 0.046803 -0.260901 -0.260901 0.466492 0.160343 -0.113918 -0.169560 -0.097886 -0.024066 0.046803 -0.260901 -0.260901 0.466492 
0.000000 -540.000000 -520.000000 -500.000000 -480.000000 -460.000000 -440.000000 -420.000000 -300.000000 -280.000000 -180.000000 -160.000000 -140.000000 -120.000000 -100.000000 -80.000000 -60.000000 60.000000 80.000000 180.000000 200.000000 220.000000 240.000000 260.000000 280.000000 300.000000 420.000000 440.000000 540.000000 
0.000000 0.466492 0.135756 0.014364 -0.011686 0.009023 0.014801 0.005799 -0.144322 -0.143296 0.466492 0.135756 0.014364 -0.011686 0.009023 0.014801 0.005799 -0.144322 -0.143296 0.466492 0.135756 0.014364 -0.011686 0.009023 0.014801 0.005799 -0.144322 -0.143296 0.466492 
0.000000 -540.000000 -520.000000 -500.000000 -480.000000 -460.000000 -440.000000 -420.000000 -400.000000 -320.000000 -300.000000 -280.000000 -260.000000 -180.000000 -160.000000 -140.000000 -120.000000 -100.000000 -80.000000 -60.000000 -40.000000 40.000000 60.000000 80.000000 100.000000 180.000000 200.000000 220.000000 240.000000 260.000000 280.000000 300.000000 320.000000 400.000000 420.000000 440.000000 460.000000 540.000000 
0.000000 -0.231108 -0.109166 0.022812 -0.007339 0.063179 -0.032838 -0.060799 -0.083450 0.039082 -0.065073 -0.021518 0.147970 -0.231108 -0.109166 0.022812 -0.007339 0.063179 -0.032838 -0.060799 -0.083450 0.039082 -0.065073 -0.021518 0.147970 -0.231108 -0.109166 0.022812 -0.007339 0.063179 -0.032838 -0.060799 -0.083450 0.039082 -0.065073 -0.021518 0.147970 -0.231108 
0.000000 -540.000000 -520.000000 -500.000000 -480.000000 -460.000000 -440.000000 -420.000000 -400.000000 -320.000000 -300.000000 -280.000000 -260.000000 -240.000000 -180.000000 -160.000000 -140.000000 -120.000000 -100.000000 -80.000000 -60.000000 -40.000000 40.000000 60.000000 80.000000 100.000000 120.000000 180.000000 200.000000 220.000000 240.000000 260.000000 280.000000 300.000000 320.000000 400.000000 420.000000 440.000000 460.000000 480.000000 540.000000 
0.000000 -0.231108 -0.224722 -0.234721 -0.102553 0.087475 -0.019174 -0.041164 -0.014142 0.039082 -0.061432 0.011160 0.049201 -0.148337 -0.231108 -0.224722 -0.234721 -0.102553 0.087475 -0.019174 -0.041164 -0.014142 0.039082 -0.061432 0.011160 0.049201 -0.148337 -0.231108 -0.224722 -0.234721 -0.102553 0.087475 -0.019174 -0.041164 -0.014142 0.039082 -0.061432 0.011160 0.049201 -0.148337 -0.231108 
0.000000 -520.000000 -500.000000 -480.000000 -460.000000 -440.000000 -420.000000 -400.000000 -260.000000 -240.000000 -160.000000 -140.000000 -120.000000 -100.000000 -80.000000 -60.000000 -40.000000 100.000000 120.000000 200.000000 220.000000 240.000000 260.000000 280.000000 300.000000 320.000000 460.000000 480.000000 
0.000000 -0.218336 -0.171986 -0.006342 0.100782 0.079199 0.086011 0.143169 -0.148337 -0.148337 -0.218336 -0.171986 -0.006342 0.100782 0.079199 0.086011 0.143169 -0.148337 -0.148337 -0.218336 -0.171986 -0.006342 0.100782 0.079199 0.086011 0.143169 -0.148337 -0.148337 
0.000000 -520.000000 -500.000000 -480.000000 -460.000000 -440.000000 -160.000000 -140.000000 -120.000000 -100.000000 -80.000000 200.000000 220.000000 240.000000 260.000000 280.000000 
0.000000 0.045827 0.010329 -0.034942 -0.025468 0.017027 0.045827 0.010329 -0.034942 -0.025468 0.017027 0.045827 0.010329 -0.034942 -0.025468 0.017027 
