0.000000 -560.000000 -540.000000 -380.000000 -360.000000 -340.000000 -320.000000 -260.000000 -240.000000 -220.000000 -200.000000 -180.000000 -20.000000 0.000000 20.000000 40.000000 100.000000 120.000000 140.000000 160.000000 180.000000 340.000000 360.000000 380.000000 400.000000 460.000000 480.000000 500.000000 520.000000 
0.000000 -4.479002 -4.562553 -4.415880 -4.415880 -5.757173 -5.757173 -3.786696 -4.523588 -4.733684 -4.479002 -4.562553 -4.415880 -4.415880 -5.757173 -5.757173 -3.786696 -4.523588 -4.733684 -4.479002 -4.562553 -4.415880 -4.415880 -5.757173 -5.757173 -3.786696 -4.523588 -4.733684 -4.479002 
0.000000 -340.000000 -320.000000 -240.000000 -220.000000 20.000000 40.000000 120.000000 140.000000 380.000000 400.000000 480.000000 
0.000000 -5.757173 -5.757173 -4.889512 -4.889512 -5.757173 -5.757173 -4.889512 -4.889512 -5.757173 -5.757173 -4.889512 
0.000000 -540.000000 -520.000000 -420.000000 -400.000000 -380.000000 -260.000000 -240.000000 -180.000000 -160.000000 -60.000000 -40.000000 -20.000000 100.000000 120.000000 180.000000 200.000000 300.000000 320.000000 340.000000 460.000000 480.000000 540.000000 
0.000000 -4.167761 -4.260098 -4.183153 -4.134450 -3.934507 -3.926123 -3.926123 -4.167761 -4.260098 -4.183153 -4.134450 -3.934507 -3.926123 -3.926123 -4.167761 -4.260098 -4.183153 -4.134450 -3.934507 -3.926123 -3.926123 -4.167761 
0.000000 -560.000000 -540.000000 -520.000000 -420.000000 -400.000000 -380.000000 -260.000000 -240.000000 -220.000000 -200.000000 -180.000000 -160.000000 -60.000000 -40.000000 -20.000000 100.000000 120.000000 140.000000 160.000000 180.000000 200.000000 300.000000 320.000000 340.000000 460.000000 480.000000 500.000000 520.000000 540.000000 
0.000000 -4.185688 -4.167761 -4.260098 -4.393077 -4.191368 -3.970196 -3.926123 -3.972981 -4.118753 -4.185688 -4.167761 -4.260098 -4.393077 -4.191368 -3.970196 -3.926123 -3.972981 -4.118753 -4.185688 -4.167761 -4.260098 -4.393077 -4.191368 -3.970196 -3.926123 -3.972981 -4.118753 -4.185688 -4.167761 
0.000000 -560.000000 -240.000000 -220.000000 -200.000000 120.000000 140.000000 160.000000 480.000000 500.000000 
0.000000 -4.165481 -4.072026 -4.118753 -4.165481 -4.072026 -4.118753 -4.165481 -4.072026 -4.118753 
0.000000 -540.000000 -520.000000 -180.000000 -160.000000 180.000000 200.000000 540.000000 
0.000000 -4.179870 -4.179870 -4.179870 -4.179870 -4.179870 -4.179870 -4.179870 
0.000000 -540.000000 -520.000000 -180.000000 -160.000000 180.000000 200.000000 540.000000 
0.000000 -4.179870 -4.179870 -4.179870 -4.179870 -4.179870 -4.179870 -4.179870 
0.000000 -560.000000 -380.000000 -360.000000 -220.000000 -200.000000 -20.000000 0.000000 140.000000 160.000000 340.000000 360.000000 500.000000 
0.000000 -4.196915 -4.174861 -4.174861 -4.196915 -4.196915 -4.174861 -4.174861 -4.196915 -4.196915 -4.174861 -4.174861 -4.196915 
0.000000 -560.000000 -400.000000 -380.000000 -360.000000 -240.000000 -220.000000 -200.000000 -40.000000 -20.000000 0.000000 120.000000 140.000000 160.000000 320.000000 340.000000 360.000000 480.000000 500.000000 
0.000000 -4.170569 -3.935940 -4.018672 -4.147575 -4.175479 -4.173872 -4.170569 -3.935940 -4.018672 -4.147575 -4.175479 -4.173872 -4.170569 -3.935940 -4.018672 -4.147575 -4.175479 -4.173872 
0.000000 -560.000000 -540.000000 -400.000000 -380.000000 -360.000000 -260.000000 -240.000000 -220.000000 -200.000000 -180.000000 -40.000000 -20.000000 0.000000 100.000000 120.000000 140.000000 160.000000 180.000000 320.000000 340.000000 360.000000 460.000000 480.000000 500.000000 520.000000 
0.000000 -4.316450 -4.564177 -3.895257 -4.142397 -4.398240 -3.811064 -4.082635 -4.206622 -4.316450 -4.564177 -3.895257 -4.142397 -4.398240 -3.811064 -4.082635 -4.206622 -4.316450 -4.564177 -3.895257 -4.142397 -4.398240 -3.811064 -4.082635 -4.206622 -4.316450 
0.000000 -560.000000 -540.000000 -380.000000 -360.000000 -340.000000 -320.000000 -260.000000 -240.000000 -220.000000 -200.000000 -180.000000 -20.000000 0.000000 20.000000 40.000000 100.000000 120.000000 140.000000 160.000000 180.000000 340.000000 360.000000 380.000000 400.000000 460.000000 480.000000 500.000000 520.000000 
0.000000 -4.479002 -4.562553 -4.415880 -4.415880 -5.757173 -5.757173 -3.786696 -4.523588 -4.733684 -4.479002 -4.562553 -4.415880 -4.415880 -5.757173 -5.757173 -3.786696 -4.523588 -4.733684 -4.479002 -4.562553 -4.415880 -4.415880 -5.757173 -5.757173 -3.786696 -4.523588 -4.733684 -4.479002 
0.000000 -340.000000 -320.000000 -240.000000 -220.000000 20.000000 40.000000 120.000000 140.000000 380.000000 400.000000 480.000000 
0.000000 -5.757173 -5.757173 -4.889512 -4.889512 -5.757173 -5.757173 -4.889512 -4.889512 -5.757173 -5.757173 -4.889512 
