HH2 phi+1 chi2
0.0541436761905
-0.0386445714286;-0.0575554
N/A
N/A
N/A
60.000000;300.000000
-520.0;-500.0;-480.0;-460.0;-440.0;-420.0;-400.0;-160.0;-140.0;-120.0;-100.0;-80.0;-60.0;-40.0;200.0;220.0;240.0;260.0;280.0;300.0;320.0;560.0
0.017992;-0.048334;-0.036448;-0.021368;-0.083203;-0.056825;-0.042326;0.017992;-0.048334;-0.036448;-0.021368;-0.083203;-0.056825;-0.042326;0.017992;-0.048334;-0.036448;-0.021368;-0.083203;-0.056825;-0.042326;0.017992
-480.0;-460.0;-440.0;-420.0;-400.0;-120.0;-100.0;-80.0;-60.0;-40.0;240.0;260.0;280.0;300.0;320.0
-0.104999;-0.104999;-0.276241;-0.025926;0.224388;-0.104999;-0.104999;-0.276241;-0.025926;0.224388;-0.104999;-0.104999;-0.276241;-0.025926;0.224388
