HH2 psi+1 psi
-4.41149046581
-4.6994182;-5.3233425;-4.087497;-4.1353806;-4.6994182;-5.3233425;-4.087497;-4.1353806;-4.11875333333;-4.17987;-4.087497;-4.1353806;-4.11875333333;-4.17987
N/A
-560.0;-540.0;-240.0;-220.0;-200.0;-180.0;120.0;140.0;160.0;180.0;480.0;500.0;520.0;540.0
-560.0;-540.0;-380.0;-360.0;-340.0;-320.0;-260.0;-240.0;-220.0;-200.0;-180.0;-20.0;0.0;20.0;40.0;100.0;120.0;140.0;160.0;180.0;340.0;360.0;380.0;400.0;460.0;480.0;500.0;520.0;540.0
-4.479002;-4.562553;-4.41588;-4.41588;-5.757173;-5.757173;-3.786696;-4.523588;-4.733684;-4.479002;-4.562553;-4.41588;-4.41588;-5.757173;-5.757173;-3.786696;-4.523588;-4.733684;-4.479002;-4.562553;-4.41588;-4.41588;-5.757173;-5.757173;-3.786696;-4.523588;-4.733684;-4.479002;-4.562553
-340.0;-320.0;-240.0;-220.0;20.0;40.0;120.0;140.0;380.0;400.0;480.0;500.0
-5.757173;-5.757173;-4.889512;-4.889512;-5.757173;-5.757173;-4.889512;-4.889512;-5.757173;-5.757173;-4.889512;-4.889512
-540.0;-520.0;-420.0;-400.0;-380.0;-260.0;-240.0;-180.0;-160.0;-60.0;-40.0;-20.0;100.0;120.0;180.0;240.0;300.0;320.0;340.0;460.0;480.0;540.0;600.0
-4.167761;-4.260098;-4.183153;-4.13445;-3.934507;-3.926123;-3.926123;-4.167761;-4.260098;-4.183153;-4.13445;-3.934507;-3.926123;-3.926123;-4.167761;-4.260098;-4.183153;-4.13445;-3.934507;-3.926123;-3.926123;-4.167761;-4.260098
-560.0;-540.0;-520.0;-420.0;-400.0;-380.0;-260.0;-240.0;-220.0;-200.0;-180.0;-160.0;-60.0;-40.0;-20.0;100.0;120.0;140.0;160.0;180.0;240.0;300.0;320.0;340.0;460.0;480.0;500.0;520.0;540.0;600.0
-4.185688;-4.167761;-4.260098;-4.393077;-4.191368;-3.970196;-3.926123;-3.972981;-4.118753;-4.185688;-4.167761;-4.260098;-4.393077;-4.191368;-3.970196;-3.926123;-3.972981;-4.118753;-4.185688;-4.167761;-4.260098;-4.393077;-4.191368;-3.970196;-3.926123;-3.972981;-4.118753;-4.185688;-4.167761;-4.260098
-560.0;-540.0;-380.0;-360.0;-340.0;-320.0;-260.0;-240.0;-220.0;-200.0;-180.0;-20.0;0.0;20.0;40.0;100.0;120.0;140.0;160.0;180.0;340.0;360.0;380.0;400.0;460.0;480.0;500.0;520.0;540.0
-4.479002;-4.562553;-4.41588;-4.41588;-5.757173;-5.757173;-3.786696;-4.523588;-4.733684;-4.479002;-4.562553;-4.41588;-4.41588;-5.757173;-5.757173;-3.786696;-4.523588;-4.733684;-4.479002;-4.562553;-4.41588;-4.41588;-5.757173;-5.757173;-3.786696;-4.523588;-4.733684;-4.479002;-4.562553
-340.0;-320.0;-240.0;-220.0;20.0;40.0;120.0;140.0;380.0;400.0;480.0;500.0
-5.757173;-5.757173;-4.889512;-4.889512;-5.757173;-5.757173;-4.889512;-4.889512;-5.757173;-5.757173;-4.889512;-4.889512
-540.0;-520.0;-420.0;-400.0;-380.0;-260.0;-240.0;-180.0;-160.0;-60.0;-40.0;-20.0;100.0;120.0;180.0;240.0;300.0;320.0;340.0;460.0;480.0;540.0;600.0
-4.167761;-4.260098;-4.183153;-4.13445;-3.934507;-3.926123;-3.926123;-4.167761;-4.260098;-4.183153;-4.13445;-3.934507;-3.926123;-3.926123;-4.167761;-4.260098;-4.183153;-4.13445;-3.934507;-3.926123;-3.926123;-4.167761;-4.260098
-560.0;-540.0;-520.0;-420.0;-400.0;-380.0;-260.0;-240.0;-220.0;-200.0;-180.0;-160.0;-60.0;-40.0;-20.0;100.0;120.0;140.0;160.0;180.0;240.0;300.0;320.0;340.0;460.0;480.0;500.0;520.0;540.0;600.0
-4.185688;-4.167761;-4.260098;-4.393077;-4.191368;-3.970196;-3.926123;-3.972981;-4.118753;-4.185688;-4.167761;-4.260098;-4.393077;-4.191368;-3.970196;-3.926123;-3.972981;-4.118753;-4.185688;-4.167761;-4.260098;-4.393077;-4.191368;-3.970196;-3.926123;-3.972981;-4.118753;-4.185688;-4.167761;-4.260098
-560.0;-240.0;-220.0;-200.0;120.0;140.0;160.0;480.0;500.0;520.0
-4.165481;-4.072026;-4.118753;-4.165481;-4.072026;-4.118753;-4.165481;-4.072026;-4.118753;-4.165481
-540.0;-520.0;-180.0;-160.0;180.0;240.0;540.0;600.0
-4.17987;-4.17987;-4.17987;-4.17987;-4.17987;-4.17987;-4.17987;-4.17987
-540.0;-520.0;-420.0;-400.0;-380.0;-260.0;-240.0;-180.0;-160.0;-60.0;-40.0;-20.0;100.0;120.0;180.0;240.0;300.0;320.0;340.0;460.0;480.0;540.0;600.0
-4.167761;-4.260098;-4.183153;-4.13445;-3.934507;-3.926123;-3.926123;-4.167761;-4.260098;-4.183153;-4.13445;-3.934507;-3.926123;-3.926123;-4.167761;-4.260098;-4.183153;-4.13445;-3.934507;-3.926123;-3.926123;-4.167761;-4.260098
-560.0;-540.0;-520.0;-420.0;-400.0;-380.0;-260.0;-240.0;-220.0;-200.0;-180.0;-160.0;-60.0;-40.0;-20.0;100.0;120.0;140.0;160.0;180.0;240.0;300.0;320.0;340.0;460.0;480.0;500.0;520.0;540.0;600.0
-4.185688;-4.167761;-4.260098;-4.393077;-4.191368;-3.970196;-3.926123;-3.972981;-4.118753;-4.185688;-4.167761;-4.260098;-4.393077;-4.191368;-3.970196;-3.926123;-3.972981;-4.118753;-4.185688;-4.167761;-4.260098;-4.393077;-4.191368;-3.970196;-3.926123;-3.972981;-4.118753;-4.185688;-4.167761;-4.260098
-560.0;-240.0;-220.0;-200.0;120.0;140.0;160.0;480.0;500.0;520.0
-4.165481;-4.072026;-4.118753;-4.165481;-4.072026;-4.118753;-4.165481;-4.072026;-4.118753;-4.165481
-540.0;-520.0;-180.0;-160.0;180.0;240.0;540.0;600.0
-4.17987;-4.17987;-4.17987;-4.17987;-4.17987;-4.17987;-4.17987;-4.17987
