HN phi-1 obond
-0.0169532794118
0.0120779411765;-0.0459845
N/A
N/A
N/A
Y;N
-560.0;-540.0;-520.0;-500.0;-480.0;-460.0;-440.0;-420.0;-400.0;-380.0;-360.0;-320.0;-300.0;-280.0;-260.0;-240.0;-200.0;-180.0;-160.0;-140.0;-120.0;-100.0;-80.0;-60.0;-40.0;-20.0;0.0;40.0;60.0;80.0;100.0;120.0;160.0;180.0;200.0;220.0;240.0;260.0;280.0;300.0;320.0;340.0;360.0;400.0;420.0;440.0;460.0;480.0;520.0;540.0;560.0
-0.436302;-0.325406;0.165682;0.165771;0.075928;0.026735;0.103278;0.145426;0.191427;0.239932;-0.053255;-0.101225;-0.070134;-0.033208;0.106105;0.329977;-0.436302;-0.325406;0.165682;0.165771;0.075928;0.026735;0.103278;0.145426;0.191427;0.239932;-0.053255;-0.101225;-0.070134;-0.033208;0.106105;0.329977;-0.436302;-0.325406;0.165682;0.165771;0.075928;0.026735;0.103278;0.145426;0.191427;0.239932;-0.053255;-0.101225;-0.070134;-0.033208;0.106105;0.329977;-0.436302;-0.325406;0.165682
-560.0;-540.0;-520.0;-500.0;-480.0;-460.0;-440.0;-420.0;-400.0;-320.0;-300.0;-280.0;-260.0;-240.0;-220.0;-200.0;-180.0;-160.0;-140.0;-120.0;-100.0;-80.0;-60.0;-40.0;40.0;60.0;80.0;100.0;120.0;140.0;160.0;180.0;200.0;220.0;240.0;260.0;280.0;300.0;320.0;400.0;420.0;440.0;460.0;480.0;500.0;520.0;540.0;560.0
-0.305811;0.224511;0.046711;0.073242;0.010409;-0.067415;-0.061032;-0.05298;-0.034362;-0.119809;-0.029665;-0.104296;-0.230989;-0.002966;-0.305811;-0.305811;0.224511;0.046711;0.073242;0.010409;-0.067415;-0.061032;-0.05298;-0.034362;-0.119809;-0.029665;-0.104296;-0.230989;-0.002966;-0.305811;-0.305811;0.224511;0.046711;0.073242;0.010409;-0.067415;-0.061032;-0.05298;-0.034362;-0.119809;-0.029665;-0.104296;-0.230989;-0.002966;-0.305811;-0.305811;0.224511;0.046711
