HN psi-1 hnbond
0.0420159210526
0.0481028947368;0.0359289473684
N/A
N/A
N/A
Y;N
-560.0;-540.0;-520.0;-500.0;-480.0;-460.0;-440.0;-420.0;-400.0;-380.0;-360.0;-340.0;-320.0;-300.0;-280.0;-260.0;-240.0;-220.0;-200.0;-180.0;-160.0;-140.0;-120.0;-100.0;-80.0;-60.0;-40.0;-20.0;0.0;20.0;40.0;60.0;80.0;100.0;120.0;140.0;160.0;180.0;200.0;220.0;240.0;260.0;280.0;300.0;320.0;340.0;360.0;380.0;400.0;420.0;440.0;460.0;480.0;500.0;520.0;540.0;560.0
0.302844;0.27809;0.110537;0.640386;0.429957;-2.703685;-0.066256;-0.090359;-0.115474;-0.120372;-0.053718;-0.031153;-0.034857;0.133773;0.576035;0.475089;0.492655;0.412373;0.302844;0.27809;0.110537;0.640386;0.429957;-2.703685;-0.066256;-0.090359;-0.115474;-0.120372;-0.053718;-0.031153;-0.034857;0.133773;0.576035;0.475089;0.492655;0.412373;0.302844;0.27809;0.110537;0.640386;0.429957;-2.703685;-0.066256;-0.090359;-0.115474;-0.120372;-0.053718;-0.031153;-0.034857;0.133773;0.576035;0.475089;0.492655;0.412373;0.302844;0.27809;0.110537
-560.0;-540.0;-520.0;-500.0;-480.0;-460.0;-440.0;-420.0;-400.0;-380.0;-360.0;-340.0;-320.0;-300.0;-280.0;-260.0;-240.0;-220.0;-200.0;-180.0;-160.0;-140.0;-120.0;-100.0;-80.0;-60.0;-40.0;-20.0;0.0;20.0;40.0;60.0;80.0;100.0;120.0;140.0;160.0;180.0;200.0;220.0;240.0;260.0;280.0;300.0;320.0;340.0;360.0;380.0;400.0;420.0;440.0;460.0;480.0;500.0;520.0;540.0;560.0
0.154955;0.134302;0.301251;0.389839;0.65782;0.925801;-0.347184;-0.405817;-0.339191;-0.281842;-0.334143;-0.215454;-0.128363;-0.538744;-0.212901;0.160112;0.35734;0.270567;0.154955;0.134302;0.301251;0.389839;0.65782;0.925801;-0.347184;-0.405817;-0.339191;-0.281842;-0.334143;-0.215454;-0.128363;-0.538744;-0.212901;0.160112;0.35734;0.270567;0.154955;0.134302;0.301251;0.389839;0.65782;0.925801;-0.347184;-0.405817;-0.339191;-0.281842;-0.334143;-0.215454;-0.128363;-0.538744;-0.212901;0.160112;0.35734;0.270567;0.154955;0.134302;0.301251
