HN phi+1 phi
-0.115947643069
-0.21731775;-0.11101725;0.0386732666667;-0.0120876666667;0.0483623157895;0.0467978235294;-0.00508913333333;-0.111046692308;0.274802545455;0.187256923077;0.270690923077;0.412051833333;0.017208;-0.21731775;-0.11101725;0.0386732666667;-0.0120876666667;0.0483623157895;0.0467978235294;-0.00508913333333;-0.111046692308;0.274802545455;0.187256923077;0.270690923077;0.412051833333;0.017208;-0.21731775;-0.11101725;0.0386732666667;-0.0120876666667;0.0483623157895;0.0467978235294;-0.00508913333333;-0.111046692308;0.274802545455;0.187256923077;0.270690923077;0.412051833333;0.017208;-0.21731775;-0.11101725
N/A
N/A
N/A
-540.0;-520.0;-500.0;-480.0;-460.0;-440.0;-420.0;-400.0;-320.0;-300.0;-280.0;-260.0;-240.0;-180.0;-160.0;-140.0;-120.0;-100.0;-80.0;-60.0;-40.0;40.0;60.0;80.0;100.0;120.0;180.0;200.0;220.0;240.0;260.0;280.0;300.0;320.0;400.0;420.0;440.0;460.0;480.0;540.0;560.0
-540.0;-520.0;-500.0;-480.0;-460.0;-440.0;-420.0;-400.0;-280.0;-260.0;-240.0;-180.0;-160.0;-140.0;-120.0;-100.0;-80.0;-60.0;-40.0;80.0;100.0;120.0;180.0;240.0;260.0;280.0;300.0;320.0;440.0;460.0;480.0;540.0
-0.481261;-0.10628;-0.439404;-0.643251;-0.337264;-0.431117;-0.27695;0.138354;0.244763;0.150207;0.055651;-0.481261;-0.10628;-0.439404;-0.643251;-0.337264;-0.431117;-0.27695;0.138354;0.244763;0.150207;0.055651;-0.481261;-0.10628;-0.337264;-0.431117;-0.27695;0.138354;0.244763;0.150207;0.055651;-0.481261
-540.0;-520.0;-500.0;-480.0;-460.0;-440.0;-420.0;-400.0;-280.0;-260.0;-240.0;-180.0;-160.0;-140.0;-120.0;-100.0;-80.0;-60.0;-40.0;80.0;100.0;120.0;180.0;240.0;260.0;280.0;300.0;320.0;440.0;460.0;480.0;540.0
-0.666332;-0.032318;-0.162232;-0.088305;-0.028921;-0.200028;-0.131702;0.203108;0.212166;0.173038;0.055651;-0.666332;-0.032318;-0.162232;-0.088305;-0.028921;-0.200028;-0.131702;0.203108;0.212166;0.173038;0.055651;-0.666332;-0.032318;-0.028921;-0.200028;-0.131702;0.203108;0.212166;0.173038;0.055651;-0.666332
-560.0;-540.0;-520.0;-500.0;-480.0;-460.0;-440.0;-420.0;-400.0;-320.0;-300.0;-280.0;-260.0;-220.0;-200.0;-180.0;-160.0;-140.0;-120.0;-100.0;-80.0;-60.0;-40.0;40.0;60.0;80.0;100.0;140.0;160.0;180.0;240.0;260.0;280.0;300.0;320.0;400.0;420.0;440.0;460.0;500.0;520.0;540.0
0.634594;-0.163356;-0.023863;0.077594;0.121941;0.044157;-0.054917;-0.019457;-0.027394;-0.041306;-0.322945;-0.211835;0.095648;0.634594;0.634594;-0.163356;-0.023863;0.077594;0.121941;0.044157;-0.054917;-0.019457;-0.027394;-0.041306;-0.322945;-0.211835;0.095648;0.634594;0.634594;-0.163356;-0.023863;0.044157;-0.054917;-0.019457;-0.027394;-0.041306;-0.322945;-0.211835;0.095648;0.634594;0.634594;-0.163356
-560.0;-540.0;-520.0;-500.0;-480.0;-460.0;-440.0;-420.0;-400.0;-380.0;-340.0;-320.0;-300.0;-280.0;-260.0;-240.0;-220.0;-200.0;-180.0;-160.0;-140.0;-120.0;-100.0;-80.0;-60.0;-40.0;-20.0;20.0;40.0;60.0;80.0;100.0;120.0;140.0;160.0;180.0;240.0;260.0;280.0;300.0;320.0;340.0;380.0;400.0;420.0;440.0;460.0;480.0;500.0;520.0;540.0
0.981923;-0.391931;-0.159807;0.051196;0.084159;0.045941;-0.086725;-0.166054;-0.18508;-0.663955;-0.198775;-0.064201;-0.164157;-0.077428;0.258538;-0.071214;0.981923;0.981923;-0.391931;-0.159807;0.051196;0.084159;0.045941;-0.086725;-0.166054;-0.18508;-0.663955;-0.198775;-0.064201;-0.164157;-0.077428;0.258538;-0.071214;0.981923;0.981923;-0.391931;-0.159807;0.045941;-0.086725;-0.166054;-0.18508;-0.663955;-0.198775;-0.064201;-0.164157;-0.077428;0.258538;-0.071214;0.981923;0.981923;-0.391931
-560.0;-540.0;-520.0;-500.0;-480.0;-460.0;-440.0;-420.0;-400.0;-380.0;-360.0;-340.0;-320.0;-300.0;-280.0;-260.0;-240.0;-220.0;-200.0;-180.0;-160.0;-140.0;-120.0;-100.0;-80.0;-60.0;-40.0;-20.0;0.0;20.0;40.0;60.0;80.0;100.0;120.0;140.0;160.0;180.0;240.0;260.0;280.0;300.0;320.0;340.0;360.0;380.0;400.0;420.0;440.0;460.0;480.0;500.0;520.0;540.0
0.480865;-0.319537;-0.151843;-0.031208;-0.008711;-0.007499;-0.120804;-0.164641;-0.121458;0.095685;0.595326;-0.198775;0.027565;0.00968;0.013183;-0.008489;-0.180171;1.329253;0.480865;-0.319537;-0.151843;-0.031208;-0.008711;-0.007499;-0.120804;-0.164641;-0.121458;0.095685;0.595326;-0.198775;0.027565;0.00968;0.013183;-0.008489;-0.180171;1.329253;0.480865;-0.319537;-0.151843;-0.007499;-0.120804;-0.164641;-0.121458;0.095685;0.595326;-0.198775;0.027565;0.00968;0.013183;-0.008489;-0.180171;1.329253;0.480865;-0.319537
-560.0;-540.0;-520.0;-500.0;-480.0;-460.0;-440.0;-420.0;-400.0;-380.0;-360.0;-320.0;-300.0;-280.0;-260.0;-240.0;-200.0;-180.0;-160.0;-140.0;-120.0;-100.0;-80.0;-60.0;-40.0;-20.0;0.0;40.0;60.0;80.0;100.0;120.0;160.0;180.0;240.0;260.0;280.0;300.0;320.0;340.0;360.0;400.0;420.0;440.0;460.0;480.0;520.0;540.0
0.056671;-0.010972;-0.015406;-0.032692;0.015447;0.019167;-0.06738;-0.052579;0.032552;0.475504;0.595326;0.12343;0.047083;-0.059431;-0.131975;-0.18821;0.056671;-0.010972;-0.015406;-0.032692;0.015447;0.019167;-0.06738;-0.052579;0.032552;0.475504;0.595326;0.12343;0.047083;-0.059431;-0.131975;-0.18821;0.056671;-0.010972;-0.015406;0.019167;-0.06738;-0.052579;0.032552;0.475504;0.595326;0.12343;0.047083;-0.059431;-0.131975;-0.18821;0.056671;-0.010972
-540.0;-520.0;-500.0;-480.0;-460.0;-440.0;-420.0;-400.0;-380.0;-320.0;-300.0;-280.0;-260.0;-240.0;-180.0;-160.0;-140.0;-120.0;-100.0;-80.0;-60.0;-40.0;-20.0;40.0;60.0;80.0;100.0;120.0;180.0;240.0;260.0;280.0;300.0;320.0;340.0;400.0;420.0;440.0;460.0;480.0;540.0
0.074134;-0.110753;-0.028911;0.039742;0.016401;-0.060124;-0.047564;0.030648;0.41291;0.098732;-0.005841;-0.179563;-0.209466;-0.180816;0.074134;-0.110753;-0.028911;0.039742;0.016401;-0.060124;-0.047564;0.030648;0.41291;0.098732;-0.005841;-0.179563;-0.209466;-0.180816;0.074134;-0.110753;0.016401;-0.060124;-0.047564;0.030648;0.41291;0.098732;-0.005841;-0.179563;-0.209466;-0.180816;0.074134
-520.0;-500.0;-480.0;-460.0;-440.0;-420.0;-400.0;-380.0;-320.0;-300.0;-280.0;-260.0;-240.0;-160.0;-140.0;-120.0;-100.0;-80.0;-60.0;-40.0;-20.0;40.0;60.0;80.0;100.0;120.0;240.0;260.0;280.0;300.0;320.0;340.0;400.0;420.0;440.0;460.0;480.0
-0.369431;-0.171848;-0.259878;-0.230017;-0.0703;-0.047392;-0.021062;0.41291;0.162455;-0.096084;-0.24034;-0.269792;-0.242828;-0.369431;-0.171848;-0.259878;-0.230017;-0.0703;-0.047392;-0.021062;0.41291;0.162455;-0.096084;-0.24034;-0.269792;-0.242828;-0.369431;-0.230017;-0.0703;-0.047392;-0.021062;0.41291;0.162455;-0.096084;-0.24034;-0.269792;-0.242828
-540.0;-520.0;-500.0;-480.0;-460.0;-440.0;-420.0;-300.0;-280.0;-260.0;-180.0;-160.0;-140.0;-120.0;-100.0;-80.0;-60.0;60.0;80.0;100.0;180.0;240.0;260.0;280.0;300.0;420.0;440.0;460.0;540.0
-0.023126;0.166155;0.074358;-0.205487;-0.183888;0.003753;0.121123;0.970904;1.043046;1.079116;-0.023126;0.166155;0.074358;-0.205487;-0.183888;0.003753;0.121123;0.970904;1.043046;1.079116;-0.023126;0.166155;-0.183888;0.003753;0.121123;0.970904;1.043046;1.079116;-0.023126
-540.0;-520.0;-500.0;-480.0;-460.0;-440.0;-420.0;-400.0;-380.0;-300.0;-280.0;-260.0;-180.0;-160.0;-140.0;-120.0;-100.0;-80.0;-60.0;-40.0;-20.0;60.0;80.0;100.0;180.0;240.0;260.0;280.0;300.0;320.0;340.0;420.0;440.0;460.0;540.0
-0.023126;0.166155;0.185201;0.120194;-0.04326;0.011539;0.166785;-0.04367;-0.609624;0.605732;0.842424;1.079116;-0.023126;0.166155;0.185201;0.120194;-0.04326;0.011539;0.166785;-0.04367;-0.609624;0.605732;0.842424;1.079116;-0.023126;0.166155;-0.04326;0.011539;0.166785;-0.04367;-0.609624;0.605732;0.842424;1.079116;-0.023126
-540.0;-520.0;-500.0;-480.0;-460.0;-440.0;-420.0;-400.0;-380.0;-320.0;-300.0;-280.0;-180.0;-160.0;-140.0;-120.0;-100.0;-80.0;-60.0;-40.0;-20.0;40.0;60.0;80.0;180.0;240.0;260.0;280.0;300.0;320.0;340.0;400.0;420.0;440.0;540.0
0.653526;1.557086;0.533881;0.221273;0.122495;0.107296;0.117163;-0.04367;-0.609624;-0.008171;0.090633;0.123568;0.653526;1.557086;0.533881;0.221273;0.122495;0.107296;0.117163;-0.04367;-0.609624;-0.008171;0.090633;0.123568;0.653526;1.557086;0.122495;0.107296;0.117163;-0.04367;-0.609624;-0.008171;0.090633;0.123568;0.653526
-540.0;-520.0;-500.0;-480.0;-460.0;-440.0;-420.0;-400.0;-320.0;-300.0;-280.0;-180.0;-160.0;-140.0;-120.0;-100.0;-80.0;-60.0;-40.0;40.0;60.0;80.0;180.0;240.0;260.0;280.0;300.0;320.0;400.0;420.0;440.0;540.0
0.653526;1.557086;0.96453;0.372846;0.266788;0.121251;0.076125;0.456826;-0.008171;-0.059294;-0.110417;0.653526;1.557086;0.96453;0.372846;0.266788;0.121251;0.076125;0.456826;-0.008171;-0.059294;-0.110417;0.653526;1.557086;0.266788;0.121251;0.076125;0.456826;-0.008171;-0.059294;-0.110417;0.653526
-460.0;-440.0;-420.0;-400.0;-100.0;-80.0;-60.0;-40.0;260.0;280.0;300.0
-0.314619;-0.153285;0.07991;0.456826;-0.314619;-0.153285;0.07991;0.456826;-0.314619;-0.153285;0.07991
-540.0;-520.0;-500.0;-480.0;-460.0;-440.0;-420.0;-400.0;-280.0;-260.0;-240.0;-180.0;-160.0;-140.0;-120.0;-100.0;-80.0;-60.0;-40.0;80.0;100.0;120.0;180.0;240.0;260.0;280.0;300.0;320.0;440.0;460.0;480.0;540.0
-0.481261;-0.10628;-0.439404;-0.643251;-0.337264;-0.431117;-0.27695;0.138354;0.244763;0.150207;0.055651;-0.481261;-0.10628;-0.439404;-0.643251;-0.337264;-0.431117;-0.27695;0.138354;0.244763;0.150207;0.055651;-0.481261;-0.10628;-0.337264;-0.431117;-0.27695;0.138354;0.244763;0.150207;0.055651;-0.481261
-540.0;-520.0;-500.0;-480.0;-460.0;-440.0;-420.0;-400.0;-280.0;-260.0;-240.0;-180.0;-160.0;-140.0;-120.0;-100.0;-80.0;-60.0;-40.0;80.0;100.0;120.0;180.0;240.0;260.0;280.0;300.0;320.0;440.0;460.0;480.0;540.0
-0.666332;-0.032318;-0.162232;-0.088305;-0.028921;-0.200028;-0.131702;0.203108;0.212166;0.173038;0.055651;-0.666332;-0.032318;-0.162232;-0.088305;-0.028921;-0.200028;-0.131702;0.203108;0.212166;0.173038;0.055651;-0.666332;-0.032318;-0.028921;-0.200028;-0.131702;0.203108;0.212166;0.173038;0.055651;-0.666332
-560.0;-540.0;-520.0;-500.0;-480.0;-460.0;-440.0;-420.0;-400.0;-320.0;-300.0;-280.0;-260.0;-220.0;-200.0;-180.0;-160.0;-140.0;-120.0;-100.0;-80.0;-60.0;-40.0;40.0;60.0;80.0;100.0;140.0;160.0;180.0;240.0;260.0;280.0;300.0;320.0;400.0;420.0;440.0;460.0;500.0;520.0;540.0
0.634594;-0.163356;-0.023863;0.077594;0.121941;0.044157;-0.054917;-0.019457;-0.027394;-0.041306;-0.322945;-0.211835;0.095648;0.634594;0.634594;-0.163356;-0.023863;0.077594;0.121941;0.044157;-0.054917;-0.019457;-0.027394;-0.041306;-0.322945;-0.211835;0.095648;0.634594;0.634594;-0.163356;-0.023863;0.044157;-0.054917;-0.019457;-0.027394;-0.041306;-0.322945;-0.211835;0.095648;0.634594;0.634594;-0.163356
-560.0;-540.0;-520.0;-500.0;-480.0;-460.0;-440.0;-420.0;-400.0;-380.0;-340.0;-320.0;-300.0;-280.0;-260.0;-240.0;-220.0;-200.0;-180.0;-160.0;-140.0;-120.0;-100.0;-80.0;-60.0;-40.0;-20.0;20.0;40.0;60.0;80.0;100.0;120.0;140.0;160.0;180.0;240.0;260.0;280.0;300.0;320.0;340.0;380.0;400.0;420.0;440.0;460.0;480.0;500.0;520.0;540.0
0.981923;-0.391931;-0.159807;0.051196;0.084159;0.045941;-0.086725;-0.166054;-0.18508;-0.663955;-0.198775;-0.064201;-0.164157;-0.077428;0.258538;-0.071214;0.981923;0.981923;-0.391931;-0.159807;0.051196;0.084159;0.045941;-0.086725;-0.166054;-0.18508;-0.663955;-0.198775;-0.064201;-0.164157;-0.077428;0.258538;-0.071214;0.981923;0.981923;-0.391931;-0.159807;0.045941;-0.086725;-0.166054;-0.18508;-0.663955;-0.198775;-0.064201;-0.164157;-0.077428;0.258538;-0.071214;0.981923;0.981923;-0.391931
-560.0;-540.0;-520.0;-500.0;-480.0;-460.0;-440.0;-420.0;-400.0;-380.0;-360.0;-340.0;-320.0;-300.0;-280.0;-260.0;-240.0;-220.0;-200.0;-180.0;-160.0;-140.0;-120.0;-100.0;-80.0;-60.0;-40.0;-20.0;0.0;20.0;40.0;60.0;80.0;100.0;120.0;140.0;160.0;180.0;240.0;260.0;280.0;300.0;320.0;340.0;360.0;380.0;400.0;420.0;440.0;460.0;480.0;500.0;520.0;540.0
0.480865;-0.319537;-0.151843;-0.031208;-0.008711;-0.007499;-0.120804;-0.164641;-0.121458;0.095685;0.595326;-0.198775;0.027565;0.00968;0.013183;-0.008489;-0.180171;1.329253;0.480865;-0.319537;-0.151843;-0.031208;-0.008711;-0.007499;-0.120804;-0.164641;-0.121458;0.095685;0.595326;-0.198775;0.027565;0.00968;0.013183;-0.008489;-0.180171;1.329253;0.480865;-0.319537;-0.151843;-0.007499;-0.120804;-0.164641;-0.121458;0.095685;0.595326;-0.198775;0.027565;0.00968;0.013183;-0.008489;-0.180171;1.329253;0.480865;-0.319537
-560.0;-540.0;-520.0;-500.0;-480.0;-460.0;-440.0;-420.0;-400.0;-380.0;-360.0;-320.0;-300.0;-280.0;-260.0;-240.0;-200.0;-180.0;-160.0;-140.0;-120.0;-100.0;-80.0;-60.0;-40.0;-20.0;0.0;40.0;60.0;80.0;100.0;120.0;160.0;180.0;240.0;260.0;280.0;300.0;320.0;340.0;360.0;400.0;420.0;440.0;460.0;480.0;520.0;540.0
0.056671;-0.010972;-0.015406;-0.032692;0.015447;0.019167;-0.06738;-0.052579;0.032552;0.475504;0.595326;0.12343;0.047083;-0.059431;-0.131975;-0.18821;0.056671;-0.010972;-0.015406;-0.032692;0.015447;0.019167;-0.06738;-0.052579;0.032552;0.475504;0.595326;0.12343;0.047083;-0.059431;-0.131975;-0.18821;0.056671;-0.010972;-0.015406;0.019167;-0.06738;-0.052579;0.032552;0.475504;0.595326;0.12343;0.047083;-0.059431;-0.131975;-0.18821;0.056671;-0.010972
-540.0;-520.0;-500.0;-480.0;-460.0;-440.0;-420.0;-400.0;-380.0;-320.0;-300.0;-280.0;-260.0;-240.0;-180.0;-160.0;-140.0;-120.0;-100.0;-80.0;-60.0;-40.0;-20.0;40.0;60.0;80.0;100.0;120.0;180.0;240.0;260.0;280.0;300.0;320.0;340.0;400.0;420.0;440.0;460.0;480.0;540.0
0.074134;-0.110753;-0.028911;0.039742;0.016401;-0.060124;-0.047564;0.030648;0.41291;0.098732;-0.005841;-0.179563;-0.209466;-0.180816;0.074134;-0.110753;-0.028911;0.039742;0.016401;-0.060124;-0.047564;0.030648;0.41291;0.098732;-0.005841;-0.179563;-0.209466;-0.180816;0.074134;-0.110753;0.016401;-0.060124;-0.047564;0.030648;0.41291;0.098732;-0.005841;-0.179563;-0.209466;-0.180816;0.074134
-520.0;-500.0;-480.0;-460.0;-440.0;-420.0;-400.0;-380.0;-320.0;-300.0;-280.0;-260.0;-240.0;-160.0;-140.0;-120.0;-100.0;-80.0;-60.0;-40.0;-20.0;40.0;60.0;80.0;100.0;120.0;240.0;260.0;280.0;300.0;320.0;340.0;400.0;420.0;440.0;460.0;480.0
-0.369431;-0.171848;-0.259878;-0.230017;-0.0703;-0.047392;-0.021062;0.41291;0.162455;-0.096084;-0.24034;-0.269792;-0.242828;-0.369431;-0.171848;-0.259878;-0.230017;-0.0703;-0.047392;-0.021062;0.41291;0.162455;-0.096084;-0.24034;-0.269792;-0.242828;-0.369431;-0.230017;-0.0703;-0.047392;-0.021062;0.41291;0.162455;-0.096084;-0.24034;-0.269792;-0.242828
-540.0;-520.0;-500.0;-480.0;-460.0;-440.0;-420.0;-300.0;-280.0;-260.0;-180.0;-160.0;-140.0;-120.0;-100.0;-80.0;-60.0;60.0;80.0;100.0;180.0;240.0;260.0;280.0;300.0;420.0;440.0;460.0;540.0
-0.023126;0.166155;0.074358;-0.205487;-0.183888;0.003753;0.121123;0.970904;1.043046;1.079116;-0.023126;0.166155;0.074358;-0.205487;-0.183888;0.003753;0.121123;0.970904;1.043046;1.079116;-0.023126;0.166155;-0.183888;0.003753;0.121123;0.970904;1.043046;1.079116;-0.023126
-540.0;-520.0;-500.0;-480.0;-460.0;-440.0;-420.0;-400.0;-380.0;-300.0;-280.0;-260.0;-180.0;-160.0;-140.0;-120.0;-100.0;-80.0;-60.0;-40.0;-20.0;60.0;80.0;100.0;180.0;240.0;260.0;280.0;300.0;320.0;340.0;420.0;440.0;460.0;540.0
-0.023126;0.166155;0.185201;0.120194;-0.04326;0.011539;0.166785;-0.04367;-0.609624;0.605732;0.842424;1.079116;-0.023126;0.166155;0.185201;0.120194;-0.04326;0.011539;0.166785;-0.04367;-0.609624;0.605732;0.842424;1.079116;-0.023126;0.166155;-0.04326;0.011539;0.166785;-0.04367;-0.609624;0.605732;0.842424;1.079116;-0.023126
-540.0;-520.0;-500.0;-480.0;-460.0;-440.0;-420.0;-400.0;-380.0;-320.0;-300.0;-280.0;-180.0;-160.0;-140.0;-120.0;-100.0;-80.0;-60.0;-40.0;-20.0;40.0;60.0;80.0;180.0;240.0;260.0;280.0;300.0;320.0;340.0;400.0;420.0;440.0;540.0
0.653526;1.557086;0.533881;0.221273;0.122495;0.107296;0.117163;-0.04367;-0.609624;-0.008171;0.090633;0.123568;0.653526;1.557086;0.533881;0.221273;0.122495;0.107296;0.117163;-0.04367;-0.609624;-0.008171;0.090633;0.123568;0.653526;1.557086;0.122495;0.107296;0.117163;-0.04367;-0.609624;-0.008171;0.090633;0.123568;0.653526
-540.0;-520.0;-500.0;-480.0;-460.0;-440.0;-420.0;-400.0;-320.0;-300.0;-280.0;-180.0;-160.0;-140.0;-120.0;-100.0;-80.0;-60.0;-40.0;40.0;60.0;80.0;180.0;240.0;260.0;280.0;300.0;320.0;400.0;420.0;440.0;540.0
0.653526;1.557086;0.96453;0.372846;0.266788;0.121251;0.076125;0.456826;-0.008171;-0.059294;-0.110417;0.653526;1.557086;0.96453;0.372846;0.266788;0.121251;0.076125;0.456826;-0.008171;-0.059294;-0.110417;0.653526;1.557086;0.266788;0.121251;0.076125;0.456826;-0.008171;-0.059294;-0.110417;0.653526
-460.0;-440.0;-420.0;-400.0;-100.0;-80.0;-60.0;-40.0;260.0;280.0;300.0
-0.314619;-0.153285;0.07991;0.456826;-0.314619;-0.153285;0.07991;0.456826;-0.314619;-0.153285;0.07991
-540.0;-520.0;-500.0;-480.0;-460.0;-440.0;-420.0;-400.0;-280.0;-260.0;-240.0;-180.0;-160.0;-140.0;-120.0;-100.0;-80.0;-60.0;-40.0;80.0;100.0;120.0;180.0;240.0;260.0;280.0;300.0;320.0;440.0;460.0;480.0;540.0
-0.481261;-0.10628;-0.439404;-0.643251;-0.337264;-0.431117;-0.27695;0.138354;0.244763;0.150207;0.055651;-0.481261;-0.10628;-0.439404;-0.643251;-0.337264;-0.431117;-0.27695;0.138354;0.244763;0.150207;0.055651;-0.481261;-0.10628;-0.337264;-0.431117;-0.27695;0.138354;0.244763;0.150207;0.055651;-0.481261
-540.0;-520.0;-500.0;-480.0;-460.0;-440.0;-420.0;-400.0;-280.0;-260.0;-240.0;-180.0;-160.0;-140.0;-120.0;-100.0;-80.0;-60.0;-40.0;80.0;100.0;120.0;180.0;240.0;260.0;280.0;300.0;320.0;440.0;460.0;480.0;540.0
-0.666332;-0.032318;-0.162232;-0.088305;-0.028921;-0.200028;-0.131702;0.203108;0.212166;0.173038;0.055651;-0.666332;-0.032318;-0.162232;-0.088305;-0.028921;-0.200028;-0.131702;0.203108;0.212166;0.173038;0.055651;-0.666332;-0.032318;-0.028921;-0.200028;-0.131702;0.203108;0.212166;0.173038;0.055651;-0.666332
-560.0;-540.0;-520.0;-500.0;-480.0;-460.0;-440.0;-420.0;-400.0;-320.0;-300.0;-280.0;-260.0;-220.0;-200.0;-180.0;-160.0;-140.0;-120.0;-100.0;-80.0;-60.0;-40.0;40.0;60.0;80.0;100.0;140.0;160.0;180.0;240.0;260.0;280.0;300.0;320.0;400.0;420.0;440.0;460.0;500.0;520.0;540.0
0.634594;-0.163356;-0.023863;0.077594;0.121941;0.044157;-0.054917;-0.019457;-0.027394;-0.041306;-0.322945;-0.211835;0.095648;0.634594;0.634594;-0.163356;-0.023863;0.077594;0.121941;0.044157;-0.054917;-0.019457;-0.027394;-0.041306;-0.322945;-0.211835;0.095648;0.634594;0.634594;-0.163356;-0.023863;0.044157;-0.054917;-0.019457;-0.027394;-0.041306;-0.322945;-0.211835;0.095648;0.634594;0.634594;-0.163356
-560.0;-540.0;-520.0;-500.0;-480.0;-460.0;-440.0;-420.0;-400.0;-380.0;-340.0;-320.0;-300.0;-280.0;-260.0;-240.0;-220.0;-200.0;-180.0;-160.0;-140.0;-120.0;-100.0;-80.0;-60.0;-40.0;-20.0;20.0;40.0;60.0;80.0;100.0;120.0;140.0;160.0;180.0;240.0;260.0;280.0;300.0;320.0;340.0;380.0;400.0;420.0;440.0;460.0;480.0;500.0;520.0;540.0
0.981923;-0.391931;-0.159807;0.051196;0.084159;0.045941;-0.086725;-0.166054;-0.18508;-0.663955;-0.198775;-0.064201;-0.164157;-0.077428;0.258538;-0.071214;0.981923;0.981923;-0.391931;-0.159807;0.051196;0.084159;0.045941;-0.086725;-0.166054;-0.18508;-0.663955;-0.198775;-0.064201;-0.164157;-0.077428;0.258538;-0.071214;0.981923;0.981923;-0.391931;-0.159807;0.045941;-0.086725;-0.166054;-0.18508;-0.663955;-0.198775;-0.064201;-0.164157;-0.077428;0.258538;-0.071214;0.981923;0.981923;-0.391931
-560.0;-540.0;-520.0;-500.0;-480.0;-460.0;-440.0;-420.0;-400.0;-380.0;-360.0;-340.0;-320.0;-300.0;-280.0;-260.0;-240.0;-220.0;-200.0;-180.0;-160.0;-140.0;-120.0;-100.0;-80.0;-60.0;-40.0;-20.0;0.0;20.0;40.0;60.0;80.0;100.0;120.0;140.0;160.0;180.0;240.0;260.0;280.0;300.0;320.0;340.0;360.0;380.0;400.0;420.0;440.0;460.0;480.0;500.0;520.0;540.0
0.480865;-0.319537;-0.151843;-0.031208;-0.008711;-0.007499;-0.120804;-0.164641;-0.121458;0.095685;0.595326;-0.198775;0.027565;0.00968;0.013183;-0.008489;-0.180171;1.329253;0.480865;-0.319537;-0.151843;-0.031208;-0.008711;-0.007499;-0.120804;-0.164641;-0.121458;0.095685;0.595326;-0.198775;0.027565;0.00968;0.013183;-0.008489;-0.180171;1.329253;0.480865;-0.319537;-0.151843;-0.007499;-0.120804;-0.164641;-0.121458;0.095685;0.595326;-0.198775;0.027565;0.00968;0.013183;-0.008489;-0.180171;1.329253;0.480865;-0.319537
-560.0;-540.0;-520.0;-500.0;-480.0;-460.0;-440.0;-420.0;-400.0;-380.0;-360.0;-320.0;-300.0;-280.0;-260.0;-240.0;-200.0;-180.0;-160.0;-140.0;-120.0;-100.0;-80.0;-60.0;-40.0;-20.0;0.0;40.0;60.0;80.0;100.0;120.0;160.0;180.0;240.0;260.0;280.0;300.0;320.0;340.0;360.0;400.0;420.0;440.0;460.0;480.0;520.0;540.0
0.056671;-0.010972;-0.015406;-0.032692;0.015447;0.019167;-0.06738;-0.052579;0.032552;0.475504;0.595326;0.12343;0.047083;-0.059431;-0.131975;-0.18821;0.056671;-0.010972;-0.015406;-0.032692;0.015447;0.019167;-0.06738;-0.052579;0.032552;0.475504;0.595326;0.12343;0.047083;-0.059431;-0.131975;-0.18821;0.056671;-0.010972;-0.015406;0.019167;-0.06738;-0.052579;0.032552;0.475504;0.595326;0.12343;0.047083;-0.059431;-0.131975;-0.18821;0.056671;-0.010972
-540.0;-520.0;-500.0;-480.0;-460.0;-440.0;-420.0;-400.0;-380.0;-320.0;-300.0;-280.0;-260.0;-240.0;-180.0;-160.0;-140.0;-120.0;-100.0;-80.0;-60.0;-40.0;-20.0;40.0;60.0;80.0;100.0;120.0;180.0;240.0;260.0;280.0;300.0;320.0;340.0;400.0;420.0;440.0;460.0;480.0;540.0
0.074134;-0.110753;-0.028911;0.039742;0.016401;-0.060124;-0.047564;0.030648;0.41291;0.098732;-0.005841;-0.179563;-0.209466;-0.180816;0.074134;-0.110753;-0.028911;0.039742;0.016401;-0.060124;-0.047564;0.030648;0.41291;0.098732;-0.005841;-0.179563;-0.209466;-0.180816;0.074134;-0.110753;0.016401;-0.060124;-0.047564;0.030648;0.41291;0.098732;-0.005841;-0.179563;-0.209466;-0.180816;0.074134
-520.0;-500.0;-480.0;-460.0;-440.0;-420.0;-400.0;-380.0;-320.0;-300.0;-280.0;-260.0;-240.0;-160.0;-140.0;-120.0;-100.0;-80.0;-60.0;-40.0;-20.0;40.0;60.0;80.0;100.0;120.0;240.0;260.0;280.0;300.0;320.0;340.0;400.0;420.0;440.0;460.0;480.0
-0.369431;-0.171848;-0.259878;-0.230017;-0.0703;-0.047392;-0.021062;0.41291;0.162455;-0.096084;-0.24034;-0.269792;-0.242828;-0.369431;-0.171848;-0.259878;-0.230017;-0.0703;-0.047392;-0.021062;0.41291;0.162455;-0.096084;-0.24034;-0.269792;-0.242828;-0.369431;-0.230017;-0.0703;-0.047392;-0.021062;0.41291;0.162455;-0.096084;-0.24034;-0.269792;-0.242828
-540.0;-520.0;-500.0;-480.0;-460.0;-440.0;-420.0;-300.0;-280.0;-260.0;-180.0;-160.0;-140.0;-120.0;-100.0;-80.0;-60.0;60.0;80.0;100.0;180.0;240.0;260.0;280.0;300.0;420.0;440.0;460.0;540.0
-0.023126;0.166155;0.074358;-0.205487;-0.183888;0.003753;0.121123;0.970904;1.043046;1.079116;-0.023126;0.166155;0.074358;-0.205487;-0.183888;0.003753;0.121123;0.970904;1.043046;1.079116;-0.023126;0.166155;-0.183888;0.003753;0.121123;0.970904;1.043046;1.079116;-0.023126
-540.0;-520.0;-500.0;-480.0;-460.0;-440.0;-420.0;-400.0;-380.0;-300.0;-280.0;-260.0;-180.0;-160.0;-140.0;-120.0;-100.0;-80.0;-60.0;-40.0;-20.0;60.0;80.0;100.0;180.0;240.0;260.0;280.0;300.0;320.0;340.0;420.0;440.0;460.0;540.0
-0.023126;0.166155;0.185201;0.120194;-0.04326;0.011539;0.166785;-0.04367;-0.609624;0.605732;0.842424;1.079116;-0.023126;0.166155;0.185201;0.120194;-0.04326;0.011539;0.166785;-0.04367;-0.609624;0.605732;0.842424;1.079116;-0.023126;0.166155;-0.04326;0.011539;0.166785;-0.04367;-0.609624;0.605732;0.842424;1.079116;-0.023126
-540.0;-520.0;-500.0;-480.0;-460.0;-440.0;-420.0;-400.0;-380.0;-320.0;-300.0;-280.0;-180.0;-160.0;-140.0;-120.0;-100.0;-80.0;-60.0;-40.0;-20.0;40.0;60.0;80.0;180.0;240.0;260.0;280.0;300.0;320.0;340.0;400.0;420.0;440.0;540.0
0.653526;1.557086;0.533881;0.221273;0.122495;0.107296;0.117163;-0.04367;-0.609624;-0.008171;0.090633;0.123568;0.653526;1.557086;0.533881;0.221273;0.122495;0.107296;0.117163;-0.04367;-0.609624;-0.008171;0.090633;0.123568;0.653526;1.557086;0.122495;0.107296;0.117163;-0.04367;-0.609624;-0.008171;0.090633;0.123568;0.653526
-540.0;-520.0;-500.0;-480.0;-460.0;-440.0;-420.0;-400.0;-320.0;-300.0;-280.0;-180.0;-160.0;-140.0;-120.0;-100.0;-80.0;-60.0;-40.0;40.0;60.0;80.0;180.0;240.0;260.0;280.0;300.0;320.0;400.0;420.0;440.0;540.0
0.653526;1.557086;0.96453;0.372846;0.266788;0.121251;0.076125;0.456826;-0.008171;-0.059294;-0.110417;0.653526;1.557086;0.96453;0.372846;0.266788;0.121251;0.076125;0.456826;-0.008171;-0.059294;-0.110417;0.653526;1.557086;0.266788;0.121251;0.076125;0.456826;-0.008171;-0.059294;-0.110417;0.653526
-460.0;-440.0;-420.0;-400.0;-100.0;-80.0;-60.0;-40.0;260.0;280.0;300.0
-0.314619;-0.153285;0.07991;0.456826;-0.314619;-0.153285;0.07991;0.456826;-0.314619;-0.153285;0.07991
-540.0;-520.0;-500.0;-480.0;-460.0;-440.0;-420.0;-400.0;-280.0;-260.0;-240.0;-180.0;-160.0;-140.0;-120.0;-100.0;-80.0;-60.0;-40.0;80.0;100.0;120.0;180.0;240.0;260.0;280.0;300.0;320.0;440.0;460.0;480.0;540.0
-0.481261;-0.10628;-0.439404;-0.643251;-0.337264;-0.431117;-0.27695;0.138354;0.244763;0.150207;0.055651;-0.481261;-0.10628;-0.439404;-0.643251;-0.337264;-0.431117;-0.27695;0.138354;0.244763;0.150207;0.055651;-0.481261;-0.10628;-0.337264;-0.431117;-0.27695;0.138354;0.244763;0.150207;0.055651;-0.481261
-540.0;-520.0;-500.0;-480.0;-460.0;-440.0;-420.0;-400.0;-280.0;-260.0;-240.0;-180.0;-160.0;-140.0;-120.0;-100.0;-80.0;-60.0;-40.0;80.0;100.0;120.0;180.0;240.0;260.0;280.0;300.0;320.0;440.0;460.0;480.0;540.0
-0.666332;-0.032318;-0.162232;-0.088305;-0.028921;-0.200028;-0.131702;0.203108;0.212166;0.173038;0.055651;-0.666332;-0.032318;-0.162232;-0.088305;-0.028921;-0.200028;-0.131702;0.203108;0.212166;0.173038;0.055651;-0.666332;-0.032318;-0.028921;-0.200028;-0.131702;0.203108;0.212166;0.173038;0.055651;-0.666332
