HN phi hnbond
-0.0635263392157
-0.0733884117647;-0.0536642666667
N/A
N/A
N/A
Y;N
-560.0;-540.0;-520.0;-500.0;-480.0;-460.0;-440.0;-420.0;-400.0;-340.0;-320.0;-300.0;-280.0;-260.0;-240.0;-220.0;-200.0;-180.0;-160.0;-140.0;-120.0;-100.0;-80.0;-60.0;-40.0;20.0;40.0;60.0;80.0;100.0;120.0;140.0;160.0;180.0;200.0;220.0;240.0;260.0;280.0;300.0;320.0;380.0;400.0;420.0;440.0;460.0;480.0;500.0;520.0;540.0;560.0
-0.376564;-0.081928;0.064083;0.063105;-0.009652;-0.035336;-0.019617;-0.046504;-0.109989;-0.067759;-0.04222;-0.019944;0.01681;0.018895;-0.142491;-0.376564;-0.376564;-0.081928;0.064083;0.063105;-0.009652;-0.035336;-0.019617;-0.046504;-0.109989;-0.067759;-0.04222;-0.019944;0.01681;0.018895;-0.142491;-0.376564;-0.376564;-0.081928;0.064083;0.063105;-0.009652;-0.035336;-0.019617;-0.046504;-0.109989;-0.067759;-0.04222;-0.019944;0.01681;0.018895;-0.142491;-0.376564;-0.376564;-0.081928;0.064083
-540.0;-520.0;-500.0;-480.0;-460.0;-440.0;-420.0;-400.0;-380.0;-320.0;-300.0;-280.0;-260.0;-240.0;-180.0;-160.0;-140.0;-120.0;-100.0;-80.0;-60.0;-40.0;-20.0;40.0;60.0;80.0;100.0;120.0;180.0;200.0;220.0;240.0;260.0;280.0;300.0;320.0;340.0;400.0;420.0;440.0;460.0;480.0;540.0;560.0
-0.2115;-0.241429;-0.264178;-0.097767;-0.056586;-0.042697;0.055643;0.181182;-0.694125;0.121392;0.067776;0.08935;0.165275;0.3342;-0.2115;-0.241429;-0.264178;-0.097767;-0.056586;-0.042697;0.055643;0.181182;-0.694125;0.121392;0.067776;0.08935;0.165275;0.3342;-0.2115;-0.241429;-0.264178;-0.097767;-0.056586;-0.042697;0.055643;0.181182;-0.694125;0.121392;0.067776;0.08935;0.165275;0.3342;-0.2115;-0.241429
