HN psi ssm1
-0.0584321732456
-0.123370578947;-0.143179625;0.0912536842105
N/A
N/A
N/A
C;H;B
-560.0;-540.0;-520.0;-500.0;-480.0;-460.0;-440.0;-420.0;-400.0;-380.0;-360.0;-340.0;-320.0;-300.0;-280.0;-260.0;-240.0;-220.0;-200.0;-180.0;-160.0;-140.0;-120.0;-100.0;-80.0;-60.0;-40.0;-20.0;0.0;20.0;40.0;60.0;80.0;100.0;120.0;140.0;160.0;180.0;200.0;220.0;240.0;260.0;280.0;300.0;320.0;340.0;360.0;380.0;400.0;420.0;440.0;460.0;480.0;500.0;520.0;540.0;560.0
-0.196658;-0.231313;-0.30601;-0.30153;-0.428199;0.533598;-0.605117;0.035974;0.127519;0.025175;0.019763;0.026267;-0.147349;-0.189519;-0.220823;-0.084264;-0.038762;-0.13148;-0.196658;-0.231313;-0.30601;-0.30153;-0.428199;0.533598;-0.605117;0.035974;0.127519;0.025175;0.019763;0.026267;-0.147349;-0.189519;-0.220823;-0.084264;-0.038762;-0.13148;-0.196658;-0.231313;-0.30601;-0.30153;-0.428199;0.533598;-0.605117;0.035974;0.127519;0.025175;0.019763;0.026267;-0.147349;-0.189519;-0.220823;-0.084264;-0.038762;-0.13148;-0.196658;-0.231313;-0.30601
-560.0;-540.0;-520.0;-440.0;-420.0;-400.0;-380.0;-360.0;-340.0;-320.0;-300.0;-280.0;-260.0;-240.0;-220.0;-200.0;-180.0;-160.0;-80.0;-60.0;-40.0;-20.0;0.0;20.0;40.0;60.0;80.0;100.0;120.0;140.0;160.0;180.0;200.0;280.0;300.0;320.0;340.0;360.0;380.0;400.0;420.0;440.0;460.0;480.0;500.0;520.0;540.0;560.0
-0.641758;-0.201934;0.072133;0.264387;-0.036289;-0.005154;0.048102;-0.070766;-0.202091;-0.011964;-0.157696;-0.231755;-0.122701;-0.357352;-0.434102;-0.641758;-0.201934;0.072133;0.264387;-0.036289;-0.005154;0.048102;-0.070766;-0.202091;-0.011964;-0.157696;-0.231755;-0.122701;-0.357352;-0.434102;-0.641758;-0.201934;0.072133;0.264387;-0.036289;-0.005154;0.048102;-0.070766;-0.202091;-0.011964;-0.157696;-0.231755;-0.122701;-0.357352;-0.434102;-0.641758;-0.201934;0.072133
-560.0;-540.0;-520.0;-500.0;-480.0;-460.0;-440.0;-420.0;-400.0;-380.0;-360.0;-340.0;-320.0;-300.0;-280.0;-260.0;-240.0;-220.0;-200.0;-180.0;-160.0;-140.0;-120.0;-100.0;-80.0;-60.0;-40.0;-20.0;0.0;20.0;40.0;60.0;80.0;100.0;120.0;140.0;160.0;180.0;200.0;220.0;240.0;260.0;280.0;300.0;320.0;340.0;360.0;380.0;400.0;420.0;440.0;460.0;480.0;500.0;520.0;540.0;560.0
0.039579;-0.052116;-0.223402;0.025822;0.15543;0.527466;0.432295;0.347091;0.252971;0.265843;0.243835;0.026195;-0.104557;-0.382677;0.020014;0.12151;0.049746;0.040891;0.039579;-0.052116;-0.223402;0.025822;0.15543;0.527466;0.432295;0.347091;0.252971;0.265843;0.243835;0.026195;-0.104557;-0.382677;0.020014;0.12151;0.049746;0.040891;0.039579;-0.052116;-0.223402;0.025822;0.15543;0.527466;0.432295;0.347091;0.252971;0.265843;0.243835;0.026195;-0.104557;-0.382677;0.020014;0.12151;0.049746;0.040891;0.039579;-0.052116;-0.223402
