HZ2 phi+1 chi2
-0.2663411
-0.323758;-0.2089242
N/A
N/A
N/A
60.000000;300.000000
-520.0;-500.0;-480.0;-460.0;-440.0;-420.0;-400.0;-280.0;-260.0;-160.0;-140.0;-120.0;-100.0;-80.0;-60.0;-40.0;80.0;100.0;200.0;220.0;240.0;260.0;280.0;300.0;320.0;440.0;460.0;560.0
-0.005716;-0.127436;-0.273314;-0.253551;-0.237297;-0.274186;-0.192816;-0.774753;-0.774753;-0.005716;-0.127436;-0.273314;-0.253551;-0.237297;-0.274186;-0.192816;-0.774753;-0.774753;-0.005716;-0.127436;-0.273314;-0.253551;-0.237297;-0.274186;-0.192816;-0.774753;-0.774753;-0.005716
-480.0;-460.0;-440.0;-420.0;-400.0;-120.0;-100.0;-80.0;-60.0;-40.0;240.0;260.0;280.0;300.0;320.0
-0.183536;-0.183536;-0.177462;-0.226352;-0.273735;-0.183536;-0.183536;-0.177462;-0.226352;-0.273735;-0.183536;-0.183536;-0.177462;-0.226352;-0.273735
