HZ3 psi-1 psi
-4.82489778211
-4.678844;-4.85115966667;-4.678844;-4.85115966667;-4.52243157143;-4.85115966667;-4.52243157143
N/A
-560.0;-220.0;-200.0;140.0;160.0;500.0;520.0
-560.0;-540.0;-520.0;-380.0;-360.0;-340.0;-240.0;-220.0;-200.0;-180.0;-160.0;-20.0;0.0;20.0;120.0;140.0;160.0;180.0;240.0;340.0;360.0;380.0;480.0;500.0;520.0;540.0;600.0
-4.837949;-4.793422;-4.746197;-4.225972;-4.32696;-4.40736;-5.023858;-4.954456;-4.837949;-4.793422;-4.746197;-4.225972;-4.32696;-4.40736;-5.023858;-4.954456;-4.837949;-4.793422;-4.746197;-4.225972;-4.32696;-4.40736;-5.023858;-4.954456;-4.837949;-4.793422;-4.746197
-420.0;-400.0;-380.0;-60.0;-40.0;-20.0;300.0;320.0;340.0
-4.999758;-4.850168;-4.703553;-4.999758;-4.850168;-4.703553;-4.999758;-4.850168;-4.703553
-560.0;-540.0;-520.0;-380.0;-360.0;-340.0;-240.0;-220.0;-200.0;-180.0;-160.0;-20.0;0.0;20.0;120.0;140.0;160.0;180.0;240.0;340.0;360.0;380.0;480.0;500.0;520.0;540.0;600.0
-4.837949;-4.793422;-4.746197;-4.225972;-4.32696;-4.40736;-5.023858;-4.954456;-4.837949;-4.793422;-4.746197;-4.225972;-4.32696;-4.40736;-5.023858;-4.954456;-4.837949;-4.793422;-4.746197;-4.225972;-4.32696;-4.40736;-5.023858;-4.954456;-4.837949;-4.793422;-4.746197
-420.0;-400.0;-380.0;-60.0;-40.0;-20.0;300.0;320.0;340.0
-4.999758;-4.850168;-4.703553;-4.999758;-4.850168;-4.703553;-4.999758;-4.850168;-4.703553
-420.0;-400.0;-380.0;-360.0;-340.0;-240.0;-220.0;-60.0;-40.0;-20.0;0.0;20.0;120.0;140.0;300.0;320.0;340.0;360.0;380.0;480.0;500.0
-4.930781;-4.852978;-4.811792;-4.32799;-4.32799;-4.161123;-4.244367;-4.930781;-4.852978;-4.811792;-4.32799;-4.32799;-4.161123;-4.244367;-4.930781;-4.852978;-4.811792;-4.32799;-4.32799;-4.161123;-4.244367
-420.0;-400.0;-380.0;-60.0;-40.0;-20.0;300.0;320.0;340.0
-4.999758;-4.850168;-4.703553;-4.999758;-4.850168;-4.703553;-4.999758;-4.850168;-4.703553
-420.0;-400.0;-380.0;-360.0;-340.0;-240.0;-220.0;-60.0;-40.0;-20.0;0.0;20.0;120.0;140.0;300.0;320.0;340.0;360.0;380.0;480.0;500.0
-4.930781;-4.852978;-4.811792;-4.32799;-4.32799;-4.161123;-4.244367;-4.930781;-4.852978;-4.811792;-4.32799;-4.32799;-4.161123;-4.244367;-4.930781;-4.852978;-4.811792;-4.32799;-4.32799;-4.161123;-4.244367
