0.000000 -560.000000 -540.000000 -520.000000 -380.000000 -360.000000 -340.000000 -240.000000 -220.000000 -200.000000 -180.000000 -160.000000 -20.000000 0.000000 20.000000 120.000000 140.000000 160.000000 180.000000 200.000000 340.000000 360.000000 380.000000 480.000000 500.000000 520.000000 540.000000 
0.000000 -4.837949 -4.793422 -4.746197 -4.225972 -4.326960 -4.407360 -5.023858 -4.954456 -4.837949 -4.793422 -4.746197 -4.225972 -4.326960 -4.407360 -5.023858 -4.954456 -4.837949 -4.793422 -4.746197 -4.225972 -4.326960 -4.407360 -5.023858 -4.954456 -4.837949 -4.793422 
0.000000 -420.000000 -400.000000 -380.000000 -60.000000 -40.000000 -20.000000 300.000000 320.000000 
0.000000 -4.999758 -4.850168 -4.703553 -4.999758 -4.850168 -4.703553 -4.999758 -4.850168 
0.000000 -420.000000 -400.000000 -380.000000 -360.000000 -340.000000 -240.000000 -220.000000 -60.000000 -40.000000 -20.000000 0.000000 20.000000 120.000000 140.000000 300.000000 320.000000 340.000000 360.000000 380.000000 480.000000 
0.000000 -4.930781 -4.852978 -4.811792 -4.327990 -4.327990 -4.161123 -4.244367 -4.930781 -4.852978 -4.811792 -4.327990 -4.327990 -4.161123 -4.244367 -4.930781 -4.852978 -4.811792 -4.327990 -4.327990 -4.161123 
0.000000 -420.000000 -400.000000 -380.000000 -360.000000 -340.000000 -240.000000 -220.000000 -60.000000 -40.000000 -20.000000 0.000000 20.000000 120.000000 140.000000 300.000000 320.000000 340.000000 360.000000 380.000000 480.000000 
0.000000 -4.727469 -4.809280 -4.815669 -4.646367 -4.646367 -4.203022 -4.244367 -4.727469 -4.809280 -4.815669 -4.646367 -4.646367 -4.203022 -4.244367 -4.727469 -4.809280 -4.815669 -4.646367 -4.646367 -4.203022 
0.000000 -400.000000 -380.000000 -360.000000 -340.000000 -40.000000 -20.000000 0.000000 20.000000 320.000000 340.000000 360.000000 
0.000000 -4.488532 -4.488532 -4.964744 -4.964744 -4.488532 -4.488532 -4.964744 -4.964744 -4.488532 -4.488532 -4.964744 
0.000000 -560.000000 -540.000000 -520.000000 -400.000000 -380.000000 -220.000000 -200.000000 -180.000000 -160.000000 -40.000000 -20.000000 140.000000 160.000000 180.000000 200.000000 320.000000 340.000000 500.000000 520.000000 540.000000 
0.000000 -4.763870 -4.380109 -4.380109 -5.004112 -5.119170 -4.763870 -4.763870 -4.380109 -4.380109 -5.004112 -5.119170 -4.763870 -4.763870 -4.380109 -4.380109 -5.004112 -5.119170 -4.763870 -4.763870 -4.380109 
0.000000 -560.000000 -540.000000 -520.000000 -400.000000 -380.000000 -360.000000 -340.000000 -220.000000 -200.000000 -180.000000 -160.000000 -40.000000 -20.000000 0.000000 20.000000 140.000000 160.000000 180.000000 200.000000 320.000000 340.000000 360.000000 380.000000 500.000000 520.000000 540.000000 
0.000000 -4.643139 -4.350216 -4.380109 -5.138026 -5.170093 -4.710065 -4.567563 -4.642807 -4.643139 -4.350216 -4.380109 -5.138026 -5.170093 -4.710065 -4.567563 -4.642807 -4.643139 -4.350216 -4.380109 -5.138026 -5.170093 -4.710065 -4.567563 -4.642807 -4.643139 -4.350216 
0.000000 -560.000000 -540.000000 -520.000000 -380.000000 -360.000000 -340.000000 -240.000000 -220.000000 -200.000000 -180.000000 -160.000000 -20.000000 0.000000 20.000000 120.000000 140.000000 160.000000 180.000000 200.000000 340.000000 360.000000 380.000000 480.000000 500.000000 520.000000 540.000000 
0.000000 -4.801389 -4.750307 -4.746197 -4.384914 -4.447262 -4.514162 -4.525302 -4.747036 -4.801389 -4.750307 -4.746197 -4.384914 -4.447262 -4.514162 -4.525302 -4.747036 -4.801389 -4.750307 -4.746197 -4.384914 -4.447262 -4.514162 -4.525302 -4.747036 -4.801389 -4.750307 
0.000000 -560.000000 -540.000000 -520.000000 -380.000000 -360.000000 -340.000000 -240.000000 -220.000000 -200.000000 -180.000000 -160.000000 -20.000000 0.000000 20.000000 120.000000 140.000000 160.000000 180.000000 200.000000 340.000000 360.000000 380.000000 480.000000 500.000000 520.000000 540.000000 
0.000000 -4.837949 -4.793422 -4.746197 -4.225972 -4.326960 -4.407360 -5.023858 -4.954456 -4.837949 -4.793422 -4.746197 -4.225972 -4.326960 -4.407360 -5.023858 -4.954456 -4.837949 -4.793422 -4.746197 -4.225972 -4.326960 -4.407360 -5.023858 -4.954456 -4.837949 -4.793422 
