HZ phi chi+1
-4.21003745
-4.14817333333;-4.52943355556;-4.19504711111;-3.9674958
N/A
60.000000;180.000000;300.000000;Unknown
-400.0;-360.0;-360.0;-360.0;-360.0;-360.0;-40.0;0.0;0.0;0.0;0.0;0.0;320.0;360.0;360.0;360.0;360.0;360.0
-4.121538;0.0;0.0;-4.291259;-4.144202;-3.902949;-4.121538;0.0;0.0;-4.291259;-4.144202;-3.902949;-4.121538;0.0;0.0;-4.291259;-4.144202;-3.902949
-160.0;-360.0;-360.0;-360.0;-360.0;-360.0;-360.0;-360.0;-360.0;-360.0;200.0;0.0;0.0;0.0;0.0;0.0;0.0;0.0;0.0;0.0;560.0;360.0;360.0;360.0;360.0;360.0;360.0;360.0;360.0;360.0
-4.194537;0.0;-4.194537;-4.226347;-4.167606;-4.583547;-4.449156;-4.163673;-4.260922;0.0;-4.194537;0.0;-4.194537;-4.226347;-4.167606;-4.583547;-4.449156;-4.163673;-4.260922;0.0;-4.194537;0.0;-4.194537;-4.226347;-4.167606;-4.583547;-4.449156;-4.163673;-4.260922;0.0
-160.0;-360.0;-360.0;-360.0;-360.0;-360.0;-360.0;-360.0;-360.0;-360.0;200.0;0.0;0.0;0.0;0.0;0.0;0.0;0.0;0.0;0.0;560.0;360.0;360.0;360.0;360.0;360.0;360.0;360.0;360.0;360.0
-4.379313;-4.086692;-4.379313;-4.424576;-4.169782;-4.094932;-4.163642;-4.179098;-4.170697;0.0;-4.379313;-4.086692;-4.379313;-4.424576;-4.169782;-4.094932;-4.163642;-4.179098;-4.170697;0.0;-4.379313;-4.086692;-4.379313;-4.424576;-4.169782;-4.094932;-4.163642;-4.179098;-4.170697;0.0
-160.0;-360.0;-360.0;-360.0;-360.0;-360.0;200.0;0.0;0.0;0.0;0.0;0.0;560.0;360.0;360.0;360.0;360.0;360.0
-3.766033;0.0;-3.766033;-3.854033;0.0;-4.123338;-3.766033;0.0;-3.766033;-3.854033;0.0;-4.123338;-3.766033;0.0;-3.766033;-3.854033;0.0;-4.123338
