HZ psi-1 phi
0.238013570062
0.279715666667;-0.002343625;-0.049398;0.0533193333333;0.00583936363636;-0.127801153846;-0.0591747857143;0.051678;0.279715666667;-0.002343625;-0.049398;0.0533193333333;0.00583936363636;-0.127801153846;-0.0591747857143;0.051678;0.279715666667;-0.002343625;-0.049398;0.0533193333333;0.00583936363636;-0.127801153846;-0.0591747857143;0.051678;0.279715666667;-0.002343625
N/A
N/A
N/A
-540.0;-520.0;-500.0;-480.0;-460.0;-440.0;-420.0;-400.0;-180.0;-160.0;-140.0;-120.0;-100.0;-80.0;-60.0;-40.0;180.0;200.0;220.0;240.0;260.0;280.0;300.0;320.0;540.0;560.0
-560.0;-240.0;-220.0;-200.0;120.0;140.0;160.0;480.0;500.0
0.462504;0.074267;0.302376;0.462504;0.074267;0.302376;0.462504;0.074267;0.302376
-560.0;-540.0;-320.0;-300.0;-260.0;-240.0;-220.0;-200.0;-180.0;40.0;60.0;100.0;120.0;140.0;160.0;180.0;400.0;420.0;460.0;480.0;500.0;520.0
0.142433;-0.004843;-0.231968;-0.231968;0.305794;-0.040371;0.047017;0.142433;-0.004843;-0.231968;-0.231968;0.305794;-0.040371;0.047017;0.142433;-0.004843;-0.231968;-0.231968;0.305794;-0.040371;0.047017;0.142433
-560.0;-540.0;-520.0;-420.0;-400.0;-380.0;-320.0;-300.0;-260.0;-240.0;-220.0;-200.0;-180.0;-160.0;-60.0;-40.0;-20.0;40.0;60.0;100.0;120.0;140.0;160.0;180.0;240.0;300.0;320.0;340.0;400.0;420.0;460.0;480.0;500.0;520.0;540.0
0.073386;-0.071834;0.064413;-0.024307;-0.081278;-0.185141;-0.183382;-0.231968;0.24121;-0.100371;-0.02167;0.073386;-0.071834;0.064413;-0.024307;-0.081278;-0.185141;-0.183382;-0.231968;0.24121;-0.100371;-0.02167;0.073386;-0.071834;0.064413;-0.024307;-0.081278;-0.185141;-0.183382;-0.231968;0.24121;-0.100371;-0.02167;0.073386;-0.071834
-560.0;-540.0;-520.0;-420.0;-400.0;-380.0;-360.0;-340.0;-260.0;-240.0;-220.0;-200.0;-180.0;-160.0;-60.0;-40.0;-20.0;0.0;20.0;100.0;120.0;140.0;160.0;180.0;240.0;300.0;320.0;340.0;360.0;380.0;460.0;480.0;500.0;520.0;540.0
-0.055485;-0.086835;0.052361;0.023795;0.087098;0.071914;0.061699;0.114044;0.265868;0.101661;0.090547;-0.055485;-0.086835;0.052361;0.023795;0.087098;0.071914;0.061699;0.114044;0.265868;0.101661;0.090547;-0.055485;-0.086835;0.052361;0.023795;0.087098;0.071914;0.061699;0.114044;0.265868;0.101661;0.090547;-0.055485;-0.086835
-560.0;-540.0;-420.0;-400.0;-380.0;-360.0;-340.0;-260.0;-240.0;-220.0;-200.0;-180.0;-60.0;-40.0;-20.0;0.0;20.0;100.0;120.0;140.0;160.0;180.0;300.0;320.0;340.0;360.0;380.0;460.0;480.0;500.0;520.0
-0.397062;-0.021623;0.208787;0.260288;0.198508;0.098092;0.152247;-0.097494;-0.107298;-0.208589;-0.397062;-0.021623;0.208787;0.260288;0.198508;0.098092;0.152247;-0.097494;-0.107298;-0.208589;-0.397062;-0.021623;0.208787;0.260288;0.198508;0.098092;0.152247;-0.097494;-0.107298;-0.208589;-0.397062
-560.0;-540.0;-420.0;-400.0;-380.0;-360.0;-340.0;-320.0;-280.0;-260.0;-240.0;-220.0;-200.0;-180.0;-60.0;-40.0;-20.0;0.0;20.0;40.0;80.0;100.0;120.0;140.0;160.0;180.0;300.0;320.0;340.0;360.0;380.0;400.0;440.0;460.0;480.0;500.0;520.0
0.037742;0.361617;-0.00865;0.01301;0.023268;-0.01628;-1.039913;-0.946258;-0.203453;-0.086534;-0.062912;-0.094669;0.037742;0.361617;-0.00865;0.01301;0.023268;-0.01628;-1.039913;-0.946258;-0.203453;-0.086534;-0.062912;-0.094669;0.037742;0.361617;-0.00865;0.01301;0.023268;-0.01628;-1.039913;-0.946258;-0.203453;-0.086534;-0.062912;-0.094669;0.037742
-560.0;-540.0;-520.0;-420.0;-400.0;-380.0;-360.0;-340.0;-320.0;-280.0;-260.0;-240.0;-220.0;-200.0;-180.0;-160.0;-60.0;-40.0;-20.0;0.0;20.0;40.0;80.0;100.0;120.0;140.0;160.0;180.0;240.0;300.0;320.0;340.0;360.0;380.0;400.0;440.0;460.0;480.0;500.0;520.0;540.0
0.219551;0.289124;0.319325;-0.085236;-0.054332;-0.023432;-0.137157;-1.047823;-1.00495;-0.203453;0.101934;0.284379;0.224499;0.219551;0.289124;0.319325;-0.085236;-0.054332;-0.023432;-0.137157;-1.047823;-1.00495;-0.203453;0.101934;0.284379;0.224499;0.219551;0.289124;0.319325;-0.085236;-0.054332;-0.023432;-0.137157;-1.047823;-1.00495;-0.203453;0.101934;0.284379;0.224499;0.219551;0.289124
-560.0;-540.0;-520.0;-420.0;-400.0;-380.0;-220.0;-200.0;-180.0;-160.0;-60.0;-40.0;-20.0;140.0;160.0;180.0;240.0;300.0;320.0;340.0;500.0;520.0;540.0
0.047615;0.275458;0.251301;-0.144526;-0.101646;0.004606;-0.194842;0.047615;0.275458;0.251301;-0.144526;-0.101646;0.004606;-0.194842;0.047615;0.275458;0.251301;-0.144526;-0.101646;0.004606;-0.194842;0.047615;0.275458
-560.0;-240.0;-220.0;-200.0;120.0;140.0;160.0;480.0;500.0
0.462504;0.074267;0.302376;0.462504;0.074267;0.302376;0.462504;0.074267;0.302376
-560.0;-540.0;-320.0;-300.0;-260.0;-240.0;-220.0;-200.0;-180.0;40.0;60.0;100.0;120.0;140.0;160.0;180.0;400.0;420.0;460.0;480.0;500.0;520.0
0.142433;-0.004843;-0.231968;-0.231968;0.305794;-0.040371;0.047017;0.142433;-0.004843;-0.231968;-0.231968;0.305794;-0.040371;0.047017;0.142433;-0.004843;-0.231968;-0.231968;0.305794;-0.040371;0.047017;0.142433
-560.0;-540.0;-520.0;-420.0;-400.0;-380.0;-320.0;-300.0;-260.0;-240.0;-220.0;-200.0;-180.0;-160.0;-60.0;-40.0;-20.0;40.0;60.0;100.0;120.0;140.0;160.0;180.0;240.0;300.0;320.0;340.0;400.0;420.0;460.0;480.0;500.0;520.0;540.0
0.073386;-0.071834;0.064413;-0.024307;-0.081278;-0.185141;-0.183382;-0.231968;0.24121;-0.100371;-0.02167;0.073386;-0.071834;0.064413;-0.024307;-0.081278;-0.185141;-0.183382;-0.231968;0.24121;-0.100371;-0.02167;0.073386;-0.071834;0.064413;-0.024307;-0.081278;-0.185141;-0.183382;-0.231968;0.24121;-0.100371;-0.02167;0.073386;-0.071834
-560.0;-540.0;-520.0;-420.0;-400.0;-380.0;-360.0;-340.0;-260.0;-240.0;-220.0;-200.0;-180.0;-160.0;-60.0;-40.0;-20.0;0.0;20.0;100.0;120.0;140.0;160.0;180.0;240.0;300.0;320.0;340.0;360.0;380.0;460.0;480.0;500.0;520.0;540.0
-0.055485;-0.086835;0.052361;0.023795;0.087098;0.071914;0.061699;0.114044;0.265868;0.101661;0.090547;-0.055485;-0.086835;0.052361;0.023795;0.087098;0.071914;0.061699;0.114044;0.265868;0.101661;0.090547;-0.055485;-0.086835;0.052361;0.023795;0.087098;0.071914;0.061699;0.114044;0.265868;0.101661;0.090547;-0.055485;-0.086835
-560.0;-540.0;-420.0;-400.0;-380.0;-360.0;-340.0;-260.0;-240.0;-220.0;-200.0;-180.0;-60.0;-40.0;-20.0;0.0;20.0;100.0;120.0;140.0;160.0;180.0;300.0;320.0;340.0;360.0;380.0;460.0;480.0;500.0;520.0
-0.397062;-0.021623;0.208787;0.260288;0.198508;0.098092;0.152247;-0.097494;-0.107298;-0.208589;-0.397062;-0.021623;0.208787;0.260288;0.198508;0.098092;0.152247;-0.097494;-0.107298;-0.208589;-0.397062;-0.021623;0.208787;0.260288;0.198508;0.098092;0.152247;-0.097494;-0.107298;-0.208589;-0.397062
-560.0;-540.0;-420.0;-400.0;-380.0;-360.0;-340.0;-320.0;-280.0;-260.0;-240.0;-220.0;-200.0;-180.0;-60.0;-40.0;-20.0;0.0;20.0;40.0;80.0;100.0;120.0;140.0;160.0;180.0;300.0;320.0;340.0;360.0;380.0;400.0;440.0;460.0;480.0;500.0;520.0
0.037742;0.361617;-0.00865;0.01301;0.023268;-0.01628;-1.039913;-0.946258;-0.203453;-0.086534;-0.062912;-0.094669;0.037742;0.361617;-0.00865;0.01301;0.023268;-0.01628;-1.039913;-0.946258;-0.203453;-0.086534;-0.062912;-0.094669;0.037742;0.361617;-0.00865;0.01301;0.023268;-0.01628;-1.039913;-0.946258;-0.203453;-0.086534;-0.062912;-0.094669;0.037742
-560.0;-540.0;-520.0;-420.0;-400.0;-380.0;-360.0;-340.0;-320.0;-280.0;-260.0;-240.0;-220.0;-200.0;-180.0;-160.0;-60.0;-40.0;-20.0;0.0;20.0;40.0;80.0;100.0;120.0;140.0;160.0;180.0;240.0;300.0;320.0;340.0;360.0;380.0;400.0;440.0;460.0;480.0;500.0;520.0;540.0
0.219551;0.289124;0.319325;-0.085236;-0.054332;-0.023432;-0.137157;-1.047823;-1.00495;-0.203453;0.101934;0.284379;0.224499;0.219551;0.289124;0.319325;-0.085236;-0.054332;-0.023432;-0.137157;-1.047823;-1.00495;-0.203453;0.101934;0.284379;0.224499;0.219551;0.289124;0.319325;-0.085236;-0.054332;-0.023432;-0.137157;-1.047823;-1.00495;-0.203453;0.101934;0.284379;0.224499;0.219551;0.289124
-560.0;-540.0;-520.0;-420.0;-400.0;-380.0;-220.0;-200.0;-180.0;-160.0;-60.0;-40.0;-20.0;140.0;160.0;180.0;240.0;300.0;320.0;340.0;500.0;520.0;540.0
0.047615;0.275458;0.251301;-0.144526;-0.101646;0.004606;-0.194842;0.047615;0.275458;0.251301;-0.144526;-0.101646;0.004606;-0.194842;0.047615;0.275458;0.251301;-0.144526;-0.101646;0.004606;-0.194842;0.047615;0.275458
-560.0;-240.0;-220.0;-200.0;120.0;140.0;160.0;480.0;500.0
0.462504;0.074267;0.302376;0.462504;0.074267;0.302376;0.462504;0.074267;0.302376
-560.0;-540.0;-320.0;-300.0;-260.0;-240.0;-220.0;-200.0;-180.0;40.0;60.0;100.0;120.0;140.0;160.0;180.0;400.0;420.0;460.0;480.0;500.0;520.0
0.142433;-0.004843;-0.231968;-0.231968;0.305794;-0.040371;0.047017;0.142433;-0.004843;-0.231968;-0.231968;0.305794;-0.040371;0.047017;0.142433;-0.004843;-0.231968;-0.231968;0.305794;-0.040371;0.047017;0.142433
-560.0;-540.0;-520.0;-420.0;-400.0;-380.0;-320.0;-300.0;-260.0;-240.0;-220.0;-200.0;-180.0;-160.0;-60.0;-40.0;-20.0;40.0;60.0;100.0;120.0;140.0;160.0;180.0;240.0;300.0;320.0;340.0;400.0;420.0;460.0;480.0;500.0;520.0;540.0
0.073386;-0.071834;0.064413;-0.024307;-0.081278;-0.185141;-0.183382;-0.231968;0.24121;-0.100371;-0.02167;0.073386;-0.071834;0.064413;-0.024307;-0.081278;-0.185141;-0.183382;-0.231968;0.24121;-0.100371;-0.02167;0.073386;-0.071834;0.064413;-0.024307;-0.081278;-0.185141;-0.183382;-0.231968;0.24121;-0.100371;-0.02167;0.073386;-0.071834
-560.0;-540.0;-520.0;-420.0;-400.0;-380.0;-360.0;-340.0;-260.0;-240.0;-220.0;-200.0;-180.0;-160.0;-60.0;-40.0;-20.0;0.0;20.0;100.0;120.0;140.0;160.0;180.0;240.0;300.0;320.0;340.0;360.0;380.0;460.0;480.0;500.0;520.0;540.0
-0.055485;-0.086835;0.052361;0.023795;0.087098;0.071914;0.061699;0.114044;0.265868;0.101661;0.090547;-0.055485;-0.086835;0.052361;0.023795;0.087098;0.071914;0.061699;0.114044;0.265868;0.101661;0.090547;-0.055485;-0.086835;0.052361;0.023795;0.087098;0.071914;0.061699;0.114044;0.265868;0.101661;0.090547;-0.055485;-0.086835
-560.0;-540.0;-420.0;-400.0;-380.0;-360.0;-340.0;-260.0;-240.0;-220.0;-200.0;-180.0;-60.0;-40.0;-20.0;0.0;20.0;100.0;120.0;140.0;160.0;180.0;300.0;320.0;340.0;360.0;380.0;460.0;480.0;500.0;520.0
-0.397062;-0.021623;0.208787;0.260288;0.198508;0.098092;0.152247;-0.097494;-0.107298;-0.208589;-0.397062;-0.021623;0.208787;0.260288;0.198508;0.098092;0.152247;-0.097494;-0.107298;-0.208589;-0.397062;-0.021623;0.208787;0.260288;0.198508;0.098092;0.152247;-0.097494;-0.107298;-0.208589;-0.397062
-560.0;-540.0;-420.0;-400.0;-380.0;-360.0;-340.0;-320.0;-280.0;-260.0;-240.0;-220.0;-200.0;-180.0;-60.0;-40.0;-20.0;0.0;20.0;40.0;80.0;100.0;120.0;140.0;160.0;180.0;300.0;320.0;340.0;360.0;380.0;400.0;440.0;460.0;480.0;500.0;520.0
0.037742;0.361617;-0.00865;0.01301;0.023268;-0.01628;-1.039913;-0.946258;-0.203453;-0.086534;-0.062912;-0.094669;0.037742;0.361617;-0.00865;0.01301;0.023268;-0.01628;-1.039913;-0.946258;-0.203453;-0.086534;-0.062912;-0.094669;0.037742;0.361617;-0.00865;0.01301;0.023268;-0.01628;-1.039913;-0.946258;-0.203453;-0.086534;-0.062912;-0.094669;0.037742
-560.0;-540.0;-520.0;-420.0;-400.0;-380.0;-360.0;-340.0;-320.0;-280.0;-260.0;-240.0;-220.0;-200.0;-180.0;-160.0;-60.0;-40.0;-20.0;0.0;20.0;40.0;80.0;100.0;120.0;140.0;160.0;180.0;240.0;300.0;320.0;340.0;360.0;380.0;400.0;440.0;460.0;480.0;500.0;520.0;540.0
0.219551;0.289124;0.319325;-0.085236;-0.054332;-0.023432;-0.137157;-1.047823;-1.00495;-0.203453;0.101934;0.284379;0.224499;0.219551;0.289124;0.319325;-0.085236;-0.054332;-0.023432;-0.137157;-1.047823;-1.00495;-0.203453;0.101934;0.284379;0.224499;0.219551;0.289124;0.319325;-0.085236;-0.054332;-0.023432;-0.137157;-1.047823;-1.00495;-0.203453;0.101934;0.284379;0.224499;0.219551;0.289124
-560.0;-540.0;-520.0;-420.0;-400.0;-380.0;-220.0;-200.0;-180.0;-160.0;-60.0;-40.0;-20.0;140.0;160.0;180.0;240.0;300.0;320.0;340.0;500.0;520.0;540.0
0.047615;0.275458;0.251301;-0.144526;-0.101646;0.004606;-0.194842;0.047615;0.275458;0.251301;-0.144526;-0.101646;0.004606;-0.194842;0.047615;0.275458;0.251301;-0.144526;-0.101646;0.004606;-0.194842;0.047615;0.275458
-560.0;-240.0;-220.0;-200.0;120.0;140.0;160.0;480.0;500.0
0.462504;0.074267;0.302376;0.462504;0.074267;0.302376;0.462504;0.074267;0.302376
-560.0;-540.0;-320.0;-300.0;-260.0;-240.0;-220.0;-200.0;-180.0;40.0;60.0;100.0;120.0;140.0;160.0;180.0;400.0;420.0;460.0;480.0;500.0;520.0
0.142433;-0.004843;-0.231968;-0.231968;0.305794;-0.040371;0.047017;0.142433;-0.004843;-0.231968;-0.231968;0.305794;-0.040371;0.047017;0.142433;-0.004843;-0.231968;-0.231968;0.305794;-0.040371;0.047017;0.142433
