0.000000 -560.000000 -240.000000 -220.000000 -200.000000 120.000000 140.000000 160.000000 480.000000 500.000000 
0.000000 0.462504 0.074267 0.302376 0.462504 0.074267 0.302376 0.462504 0.074267 0.302376 
0.000000 -560.000000 -540.000000 -320.000000 -300.000000 -260.000000 -240.000000 -220.000000 -200.000000 -180.000000 40.000000 60.000000 100.000000 120.000000 140.000000 160.000000 180.000000 400.000000 420.000000 460.000000 480.000000 500.000000 520.000000 
0.000000 0.142433 -0.004843 -0.231968 -0.231968 0.305794 -0.040371 0.047017 0.142433 -0.004843 -0.231968 -0.231968 0.305794 -0.040371 0.047017 0.142433 -0.004843 -0.231968 -0.231968 0.305794 -0.040371 0.047017 0.142433 
0.000000 -560.000000 -540.000000 -520.000000 -420.000000 -400.000000 -380.000000 -320.000000 -300.000000 -260.000000 -240.000000 -220.000000 -200.000000 -180.000000 -160.000000 -60.000000 -40.000000 -20.000000 40.000000 60.000000 100.000000 120.000000 140.000000 160.000000 180.000000 200.000000 300.000000 320.000000 340.000000 400.000000 420.000000 460.000000 480.000000 500.000000 520.000000 540.000000 
0.000000 0.073386 -0.071834 0.064413 -0.024307 -0.081278 -0.185141 -0.183382 -0.231968 0.241210 -0.100371 -0.021670 0.073386 -0.071834 0.064413 -0.024307 -0.081278 -0.185141 -0.183382 -0.231968 0.241210 -0.100371 -0.021670 0.073386 -0.071834 0.064413 -0.024307 -0.081278 -0.185141 -0.183382 -0.231968 0.241210 -0.100371 -0.021670 0.073386 -0.071834 
0.000000 -560.000000 -540.000000 -520.000000 -420.000000 -400.000000 -380.000000 -360.000000 -340.000000 -260.000000 -240.000000 -220.000000 -200.000000 -180.000000 -160.000000 -60.000000 -40.000000 -20.000000 0.000000 20.000000 100.000000 120.000000 140.000000 160.000000 180.000000 200.000000 300.000000 320.000000 340.000000 360.000000 380.000000 460.000000 480.000000 500.000000 520.000000 540.000000 
0.000000 -0.055485 -0.086835 0.052361 0.023795 0.087098 0.071914 0.061699 0.114044 0.265868 0.101661 0.090547 -0.055485 -0.086835 0.052361 0.023795 0.087098 0.071914 0.061699 0.114044 0.265868 0.101661 0.090547 -0.055485 -0.086835 0.052361 0.023795 0.087098 0.071914 0.061699 0.114044 0.265868 0.101661 0.090547 -0.055485 -0.086835 
0.000000 -560.000000 -540.000000 -420.000000 -400.000000 -380.000000 -360.000000 -340.000000 -260.000000 -240.000000 -220.000000 -200.000000 -180.000000 -60.000000 -40.000000 -20.000000 0.000000 20.000000 100.000000 120.000000 140.000000 160.000000 180.000000 300.000000 320.000000 340.000000 360.000000 380.000000 460.000000 480.000000 500.000000 520.000000 
0.000000 -0.397062 -0.021623 0.208787 0.260288 0.198508 0.098092 0.152247 -0.097494 -0.107298 -0.208589 -0.397062 -0.021623 0.208787 0.260288 0.198508 0.098092 0.152247 -0.097494 -0.107298 -0.208589 -0.397062 -0.021623 0.208787 0.260288 0.198508 0.098092 0.152247 -0.097494 -0.107298 -0.208589 -0.397062 
0.000000 -560.000000 -540.000000 -420.000000 -400.000000 -380.000000 -360.000000 -340.000000 -320.000000 -280.000000 -260.000000 -240.000000 -220.000000 -200.000000 -180.000000 -60.000000 -40.000000 -20.000000 0.000000 20.000000 40.000000 80.000000 100.000000 120.000000 140.000000 160.000000 180.000000 300.000000 320.000000 340.000000 360.000000 380.000000 400.000000 440.000000 460.000000 480.000000 500.000000 520.000000 
0.000000 0.037742 0.361617 -0.008650 0.013010 0.023268 -0.016280 -1.039913 -0.946258 -0.203453 -0.086534 -0.062912 -0.094669 0.037742 0.361617 -0.008650 0.013010 0.023268 -0.016280 -1.039913 -0.946258 -0.203453 -0.086534 -0.062912 -0.094669 0.037742 0.361617 -0.008650 0.013010 0.023268 -0.016280 -1.039913 -0.946258 -0.203453 -0.086534 -0.062912 -0.094669 0.037742 
0.000000 -560.000000 -540.000000 -520.000000 -420.000000 -400.000000 -380.000000 -360.000000 -340.000000 -320.000000 -280.000000 -260.000000 -240.000000 -220.000000 -200.000000 -180.000000 -160.000000 -60.000000 -40.000000 -20.000000 0.000000 20.000000 40.000000 80.000000 100.000000 120.000000 140.000000 160.000000 180.000000 200.000000 300.000000 320.000000 340.000000 360.000000 380.000000 400.000000 440.000000 460.000000 480.000000 500.000000 520.000000 540.000000 
0.000000 0.219551 0.289124 0.319325 -0.085236 -0.054332 -0.023432 -0.137157 -1.047823 -1.004950 -0.203453 0.101934 0.284379 0.224499 0.219551 0.289124 0.319325 -0.085236 -0.054332 -0.023432 -0.137157 -1.047823 -1.004950 -0.203453 0.101934 0.284379 0.224499 0.219551 0.289124 0.319325 -0.085236 -0.054332 -0.023432 -0.137157 -1.047823 -1.004950 -0.203453 0.101934 0.284379 0.224499 0.219551 0.289124 
0.000000 -560.000000 -540.000000 -520.000000 -420.000000 -400.000000 -380.000000 -220.000000 -200.000000 -180.000000 -160.000000 -60.000000 -40.000000 -20.000000 140.000000 160.000000 180.000000 200.000000 300.000000 320.000000 340.000000 500.000000 520.000000 540.000000 
0.000000 0.047615 0.275458 0.251301 -0.144526 -0.101646 0.004606 -0.194842 0.047615 0.275458 0.251301 -0.144526 -0.101646 0.004606 -0.194842 0.047615 0.275458 0.251301 -0.144526 -0.101646 0.004606 -0.194842 0.047615 0.275458 
0.000000 -560.000000 -240.000000 -220.000000 -200.000000 120.000000 140.000000 160.000000 480.000000 500.000000 
0.000000 0.462504 0.074267 0.302376 0.462504 0.074267 0.302376 0.462504 0.074267 0.302376 
0.000000 -560.000000 -540.000000 -320.000000 -300.000000 -260.000000 -240.000000 -220.000000 -200.000000 -180.000000 40.000000 60.000000 100.000000 120.000000 140.000000 160.000000 180.000000 400.000000 420.000000 460.000000 480.000000 500.000000 520.000000 
0.000000 0.142433 -0.004843 -0.231968 -0.231968 0.305794 -0.040371 0.047017 0.142433 -0.004843 -0.231968 -0.231968 0.305794 -0.040371 0.047017 0.142433 -0.004843 -0.231968 -0.231968 0.305794 -0.040371 0.047017 0.142433 
