N15 psi-1 obond
0.132616473684
0.283351157895;-0.0181182105263
N/A
N/A
N/A
Y;N
-560.0;-540.0;-520.0;-500.0;-480.0;-460.0;-440.0;-420.0;-400.0;-380.0;-360.0;-340.0;-320.0;-300.0;-280.0;-260.0;-240.0;-220.0;-200.0;-180.0;-160.0;-140.0;-120.0;-100.0;-80.0;-60.0;-40.0;-20.0;0.0;20.0;40.0;60.0;80.0;100.0;120.0;140.0;160.0;180.0;200.0;220.0;240.0;260.0;280.0;300.0;320.0;340.0;360.0;380.0;400.0;420.0;440.0;460.0;480.0;500.0;520.0;540.0;560.0
-1.009162;-1.502656;-0.793128;0.357078;3.938022;1.758969;-1.710625;0.099374;0.254526;0.503902;0.980543;1.034458;0.310386;0.767289;0.221002;0.912132;0.748733;0.015485;-1.009162;-1.502656;-0.793128;0.357078;3.938022;1.758969;-1.710625;0.099374;0.254526;0.503902;0.980543;1.034458;0.310386;0.767289;0.221002;0.912132;0.748733;0.015485;-1.009162;-1.502656;-0.793128;0.357078;3.938022;1.758969;-1.710625;0.099374;0.254526;0.503902;0.980543;1.034458;0.310386;0.767289;0.221002;0.912132;0.748733;0.015485;-1.009162;-1.502656;-0.793128
-560.0;-540.0;-520.0;-500.0;-480.0;-460.0;-440.0;-420.0;-400.0;-380.0;-360.0;-340.0;-320.0;-300.0;-280.0;-260.0;-240.0;-220.0;-200.0;-180.0;-160.0;-140.0;-120.0;-100.0;-80.0;-60.0;-40.0;-20.0;0.0;20.0;40.0;60.0;80.0;100.0;120.0;140.0;160.0;180.0;200.0;220.0;240.0;260.0;280.0;300.0;320.0;340.0;360.0;380.0;400.0;420.0;440.0;460.0;480.0;500.0;520.0;540.0;560.0
-0.837357;-1.101954;-0.226318;1.451431;1.763988;-1.328758;1.908841;-0.611116;-0.673868;-0.254013;0.242453;0.352736;0.058691;-0.79819;-0.678893;0.456182;0.85116;0.182693;-0.837357;-1.101954;-0.226318;1.451431;1.763988;-1.328758;1.908841;-0.611116;-0.673868;-0.254013;0.242453;0.352736;0.058691;-0.79819;-0.678893;0.456182;0.85116;0.182693;-0.837357;-1.101954;-0.226318;1.451431;1.763988;-1.328758;1.908841;-0.611116;-0.673868;-0.254013;0.242453;0.352736;0.058691;-0.79819;-0.678893;0.456182;0.85116;0.182693;-0.837357;-1.101954;-0.226318
