N15 chi aa
1.05260536842
0.044657;0.807793;1.06978033333;0.583062;0.175932;1.324799;1.10861333333;0.05973;2.08631325;0.693575;1.14712733333;0.939881666667;1.05260536842;1.39810866667;-0.093613;1.92044525;1.9900415;0.177292;2.81980566667;0.465841333333
-0.587668176471;2.65864905882;0.844555411765;2.26623325;0.044657;1.324799
A;C;D;E;F;G;H;I;K;L;M;N;P;Q;R;S;T;V;W;Y
60.000000;180.000000;300.000000;Unknown;ALA;GLY
0.0;0.0;0.0;0.0;0.044657;0.0
60.000000;180.000000;300.000000;Unknown;ALA;GLY
-1.754835;3.281672;0.896542;0.0;0.0;0.0
60.000000;180.000000;300.000000;Unknown;ALA;GLY
1.110913;0.835236;1.263192;0.0;0.0;0.0
60.000000;180.000000;300.000000;Unknown;ALA;GLY
-0.207968;2.314467;1.158873;-0.933124;0.0;0.0
60.000000;180.000000;300.000000;Unknown;ALA;GLY
-3.256537;3.53369;0.250643;0.0;0.0;0.0
60.000000;180.000000;300.000000;Unknown;ALA;GLY
0.0;0.0;0.0;0.0;0.0;1.324799
60.000000;180.000000;300.000000;Unknown;ALA;GLY
-0.674306;3.225606;0.77454;0.0;0.0;0.0
60.000000;180.000000;300.000000;Unknown;ALA;GLY
-4.434684;1.930744;2.68313;0.0;0.0;0.0
60.000000;180.000000;300.000000;Unknown;ALA;GLY
0.792194;2.432812;0.866431;4.253816;0.0;0.0
60.000000;180.000000;300.000000;Unknown;ALA;GLY
0.384819;1.734973;-0.039067;0.0;0.0;0.0
60.000000;180.000000;300.000000;Unknown;ALA;GLY
-0.210672;1.793085;1.858969;0.0;0.0;0.0
60.000000;180.000000;300.000000;Unknown;ALA;GLY
0.712622;1.549054;0.557969;0.0;0.0;0.0
60.000000;180.000000;300.000000;Unknown;ALA;GLY
0.0;0.0;0.0;0.0;0.0;0.0
60.000000;180.000000;300.000000;Unknown;ALA;GLY
0.219352;2.955495;1.019479;0.0;0.0;0.0
60.000000;180.000000;300.000000;Unknown;ALA;GLY
-2.023999;1.404268;0.338892;0.0;0.0;0.0
60.000000;180.000000;300.000000;Unknown;ALA;GLY
0.907619;0.634183;2.227374;3.912605;0.0;0.0
60.000000;180.000000;300.000000;Unknown;ALA;GLY
-1.46593;2.687536;4.906924;1.831636;0.0;0.0
60.000000;180.000000;300.000000;Unknown;ALA;GLY
2.306269;2.236904;-4.011297;0.0;0.0;0.0
60.000000;180.000000;300.000000;Unknown;ALA;GLY
-2.19534;10.242485;0.412272;0.0;0.0;0.0
60.000000;180.000000;300.000000;Unknown;ALA;GLY
-0.199876;2.404824;-0.807424;0.0;0.0;0.0
