N15 psi phi
-1.12588065278
-0.8559132;-1.38418975;-1.31084511765;-1.81869216667;-1.39359821053;-0.266088210526;0.527213111111;-0.1828609375;-0.609697777778;-3.7278255;-2.5464076;0.559798375;0.0855518823529;-1.05646553846;-2.069357;-0.5975;-0.8559132;-1.38418975;-1.31084511765;-1.81869216667;-1.39359821053;-0.266088210526;0.527213111111;-0.1828609375;-0.609697777778;-3.7278255;-2.5464076;0.559798375;0.0855518823529;-1.05646553846;-2.069357;-0.5975;-0.8559132;-1.38418975;-1.31084511765;-1.81869216667;-1.39359821053;-0.266088210526;0.527213111111;-0.1828609375;-0.609697777778;-3.7278255;-2.5464076;0.559798375;0.0855518823529;-1.05646553846;-2.069357;-0.5975;-0.8559132;-1.38418975;-1.31084511765
N/A
N/A
N/A
-560.0;-540.0;-520.0;-500.0;-480.0;-460.0;-440.0;-420.0;-400.0;-340.0;-320.0;-300.0;-280.0;-260.0;-240.0;-220.0;-200.0;-180.0;-160.0;-140.0;-120.0;-100.0;-80.0;-60.0;-40.0;20.0;40.0;60.0;80.0;100.0;120.0;140.0;160.0;180.0;200.0;220.0;240.0;260.0;280.0;300.0;320.0;380.0;400.0;420.0;440.0;460.0;480.0;500.0;520.0;540.0;560.0
-560.0;-540.0;-520.0;-500.0;-200.0;-180.0;-160.0;-140.0;160.0;180.0;240.0;520.0;540.0
2.910092;-1.413422;-3.110589;-1.252225;2.910092;-1.413422;-3.110589;-1.252225;2.910092;-1.413422;-3.110589;2.910092;-1.413422
-560.0;-540.0;-520.0;-500.0;-480.0;-240.0;-220.0;-200.0;-180.0;-160.0;-140.0;-120.0;120.0;140.0;160.0;180.0;240.0;480.0;500.0;520.0;540.0
-2.029258;-2.021497;-2.670661;1.052018;4.463845;-4.628706;-3.217762;-2.029258;-2.021497;-2.670661;1.052018;4.463845;-4.628706;-3.217762;-2.029258;-2.021497;-2.670661;-4.628706;-3.217762;-2.029258;-2.021497
-560.0;-540.0;-520.0;-500.0;-480.0;-440.0;-420.0;-400.0;-360.0;-340.0;-320.0;-300.0;-280.0;-260.0;-240.0;-220.0;-200.0;-180.0;-160.0;-140.0;-120.0;-80.0;-60.0;-40.0;0.0;20.0;40.0;60.0;80.0;100.0;120.0;140.0;160.0;180.0;240.0;280.0;300.0;320.0;360.0;380.0;400.0;420.0;440.0;460.0;480.0;500.0;520.0;540.0
-2.388038;-1.988747;-1.446281;2.130415;4.463845;0.630959;-0.955444;-2.541847;-4.207678;-3.002314;-0.591587;-2.613745;-2.613745;-0.991097;-1.693856;-2.48646;-2.388038;-1.988747;-1.446281;2.130415;4.463845;0.630959;-0.955444;-2.541847;-4.207678;-3.002314;-0.591587;-2.613745;-2.613745;-0.991097;-1.693856;-2.48646;-2.388038;-1.988747;-1.446281;0.630959;-0.955444;-2.541847;-4.207678;-3.002314;-0.591587;-2.613745;-2.613745;-0.991097;-1.693856;-2.48646;-2.388038;-1.988747
-560.0;-540.0;-520.0;-500.0;-460.0;-440.0;-420.0;-400.0;-380.0;-360.0;-340.0;-320.0;-300.0;-280.0;-260.0;-240.0;-220.0;-200.0;-180.0;-160.0;-140.0;-100.0;-80.0;-60.0;-40.0;-20.0;0.0;20.0;40.0;60.0;80.0;100.0;120.0;140.0;160.0;180.0;240.0;260.0;280.0;300.0;320.0;340.0;360.0;380.0;400.0;420.0;440.0;460.0;480.0;500.0;520.0;540.0
-1.826088;-1.794404;-0.685213;3.067887;-3.440635;-2.562872;-2.441996;-4.116674;-3.811596;-3.649604;-2.398917;-0.441286;-1.92296;-1.354104;-1.043182;-1.065434;-1.454977;-1.826088;-1.794404;-0.685213;3.067887;-3.440635;-2.562872;-2.441996;-4.116674;-3.811596;-3.649604;-2.398917;-0.441286;-1.92296;-1.354104;-1.043182;-1.065434;-1.454977;-1.826088;-1.794404;-0.685213;-3.440635;-2.562872;-2.441996;-4.116674;-3.811596;-3.649604;-2.398917;-0.441286;-1.92296;-1.354104;-1.043182;-1.065434;-1.454977;-1.826088;-1.794404
-560.0;-540.0;-520.0;-500.0;-480.0;-460.0;-440.0;-420.0;-400.0;-380.0;-360.0;-340.0;-320.0;-300.0;-280.0;-260.0;-240.0;-220.0;-200.0;-180.0;-160.0;-140.0;-120.0;-100.0;-80.0;-60.0;-40.0;-20.0;0.0;20.0;40.0;60.0;80.0;100.0;120.0;140.0;160.0;180.0;240.0;260.0;280.0;300.0;320.0;340.0;360.0;380.0;400.0;420.0;440.0;460.0;480.0;500.0;520.0;540.0
-1.325202;-1.295316;0.765054;0.665181;-1.670512;-2.850594;-3.55487;-3.738595;-2.016273;-2.213174;-2.164348;-1.434514;-0.410372;-1.797362;-0.387695;-0.33336;-0.554997;-0.866101;-1.325202;-1.295316;0.765054;0.665181;-1.670512;-2.850594;-3.55487;-3.738595;-2.016273;-2.213174;-2.164348;-1.434514;-0.410372;-1.797362;-0.387695;-0.33336;-0.554997;-0.866101;-1.325202;-1.295316;0.765054;-2.850594;-3.55487;-3.738595;-2.016273;-2.213174;-2.164348;-1.434514;-0.410372;-1.797362;-0.387695;-0.33336;-0.554997;-0.866101;-1.325202;-1.295316
-560.0;-540.0;-520.0;-500.0;-480.0;-460.0;-440.0;-420.0;-400.0;-380.0;-360.0;-340.0;-320.0;-300.0;-280.0;-260.0;-240.0;-220.0;-200.0;-180.0;-160.0;-140.0;-120.0;-100.0;-80.0;-60.0;-40.0;-20.0;0.0;20.0;40.0;60.0;80.0;100.0;120.0;140.0;160.0;180.0;240.0;260.0;280.0;300.0;320.0;340.0;360.0;380.0;400.0;420.0;440.0;460.0;480.0;500.0;520.0;540.0
-0.613694;-0.205303;1.091473;2.235185;-1.670512;-0.132315;-1.06097;-1.385715;-1.186267;-1.302466;-1.314372;-1.055919;-0.513047;1.392646;0.831449;0.35631;0.025757;-0.342613;-0.613694;-0.205303;1.091473;2.235185;-1.670512;-0.132315;-1.06097;-1.385715;-1.186267;-1.302466;-1.314372;-1.055919;-0.513047;1.392646;0.831449;0.35631;0.025757;-0.342613;-0.613694;-0.205303;1.091473;-0.132315;-1.06097;-1.385715;-1.186267;-1.302466;-1.314372;-1.055919;-0.513047;1.392646;0.831449;0.35631;0.025757;-0.342613;-0.613694;-0.205303
-560.0;-540.0;-520.0;-500.0;-460.0;-440.0;-420.0;-400.0;-380.0;-360.0;-340.0;-320.0;-300.0;-280.0;-260.0;-240.0;-220.0;-200.0;-180.0;-160.0;-140.0;-100.0;-80.0;-60.0;-40.0;-20.0;0.0;20.0;40.0;60.0;80.0;100.0;120.0;140.0;160.0;180.0;240.0;260.0;280.0;300.0;320.0;340.0;360.0;380.0;400.0;420.0;440.0;460.0;480.0;500.0;520.0;540.0
-0.356884;-0.017193;1.157432;7.777901;1.405881;0.468067;-0.251812;-0.285137;-0.551938;-1.105255;-0.966585;-0.327508;1.205858;0.602338;0.245815;0.435739;0.07031;-0.356884;-0.017193;1.157432;7.777901;1.405881;0.468067;-0.251812;-0.285137;-0.551938;-1.105255;-0.966585;-0.327508;1.205858;0.602338;0.245815;0.435739;0.07031;-0.356884;-0.017193;1.157432;1.405881;0.468067;-0.251812;-0.285137;-0.551938;-1.105255;-0.966585;-0.327508;1.205858;0.602338;0.245815;0.435739;0.07031;-0.356884;-0.017193
-560.0;-540.0;-520.0;-440.0;-420.0;-400.0;-380.0;-360.0;-340.0;-320.0;-300.0;-280.0;-260.0;-240.0;-220.0;-200.0;-180.0;-160.0;-80.0;-60.0;-40.0;-20.0;0.0;20.0;40.0;60.0;80.0;100.0;120.0;140.0;160.0;180.0;240.0;280.0;300.0;320.0;340.0;360.0;380.0;400.0;420.0;440.0;460.0;480.0;500.0;520.0;540.0
-0.347943;-0.172568;-0.283877;-0.087986;-0.255587;-0.192527;-0.226972;-0.878836;-3.276582;1.929315;0.707757;0.450749;-0.340428;0.194474;0.027804;-0.347943;-0.172568;-0.283877;-0.087986;-0.255587;-0.192527;-0.226972;-0.878836;-3.276582;1.929315;0.707757;0.450749;-0.340428;0.194474;0.027804;-0.347943;-0.172568;-0.283877;-0.087986;-0.255587;-0.192527;-0.226972;-0.878836;-3.276582;1.929315;0.707757;0.450749;-0.340428;0.194474;0.027804;-0.347943;-0.172568
-560.0;-440.0;-420.0;-400.0;-380.0;-360.0;-260.0;-240.0;-220.0;-200.0;-80.0;-60.0;-40.0;-20.0;0.0;100.0;120.0;140.0;160.0;280.0;300.0;320.0;340.0;360.0;460.0;480.0;500.0
-0.043131;-4.214437;-0.318071;-0.167235;0.120962;0.538614;0.757025;-1.133611;-1.027396;-0.043131;-4.214437;-0.318071;-0.167235;0.120962;0.538614;0.757025;-1.133611;-1.027396;-0.043131;-4.214437;-0.318071;-0.167235;0.120962;0.538614;0.757025;-1.133611;-1.027396
-320.0;-300.0;-280.0;-260.0;40.0;60.0;80.0;100.0;400.0;420.0;440.0
-1.056305;-1.056305;-6.399346;-6.399346;-1.056305;-1.056305;-6.399346;-6.399346;-1.056305;-1.056305;-6.399346
-520.0;-500.0;-480.0;-460.0;-360.0;-340.0;-320.0;-300.0;-280.0;-260.0;-160.0;-140.0;-120.0;-100.0;0.0;20.0;40.0;60.0;80.0;100.0;240.0;260.0;360.0;380.0;400.0;420.0;440.0;460.0
-1.258455;0.249062;0.0999;-1.855104;-3.967944;-2.559627;-1.81867;-1.554546;-6.399346;-6.399346;-1.258455;0.249062;0.0999;-1.855104;-3.967944;-2.559627;-1.81867;-1.554546;-6.399346;-6.399346;-1.258455;-1.855104;-3.967944;-2.559627;-1.81867;-1.554546;-6.399346;-6.399346
-540.0;-520.0;-500.0;-480.0;-460.0;-440.0;-420.0;-400.0;-380.0;-360.0;-340.0;-320.0;-300.0;-240.0;-220.0;-180.0;-160.0;-140.0;-120.0;-100.0;-80.0;-60.0;-40.0;-20.0;0.0;20.0;40.0;60.0;120.0;140.0;180.0;240.0;260.0;280.0;300.0;320.0;340.0;360.0;380.0;400.0;420.0;480.0;500.0;540.0
1.053349;-0.00789;-0.43088;0.763331;1.150866;-1.579516;2.508794;3.16862;-2.467499;-2.441551;-2.188913;-1.992198;-1.88832;6.127616;6.127616;1.053349;-0.00789;-0.43088;0.763331;1.150866;-1.579516;2.508794;3.16862;-2.467499;-2.441551;-2.188913;-1.992198;-1.88832;6.127616;6.127616;1.053349;-0.00789;1.150866;-1.579516;2.508794;3.16862;-2.467499;-2.441551;-2.188913;-1.992198;-1.88832;6.127616;6.127616;1.053349
-560.0;-540.0;-520.0;-500.0;-480.0;-460.0;-440.0;-420.0;-400.0;-380.0;-360.0;-340.0;-320.0;-300.0;-240.0;-220.0;-200.0;-180.0;-160.0;-140.0;-120.0;-100.0;-80.0;-60.0;-40.0;-20.0;0.0;20.0;40.0;60.0;120.0;140.0;160.0;180.0;240.0;260.0;280.0;300.0;320.0;340.0;360.0;380.0;400.0;420.0;480.0;500.0;520.0;540.0
-4.30031;-1.331941;-0.651081;-1.63275;1.647905;2.653852;2.227708;3.684173;1.71393;-0.849382;-1.202086;-1.598539;-2.220129;-2.924473;6.127616;1.44183;-4.30031;-1.331941;-0.651081;-1.63275;1.647905;2.653852;2.227708;3.684173;1.71393;-0.849382;-1.202086;-1.598539;-2.220129;-2.924473;6.127616;1.44183;-4.30031;-1.331941;-0.651081;2.653852;2.227708;3.684173;1.71393;-0.849382;-1.202086;-1.598539;-2.220129;-2.924473;6.127616;1.44183;-4.30031;-1.331941
-560.0;-540.0;-520.0;-500.0;-440.0;-420.0;-400.0;-380.0;-360.0;-340.0;-320.0;-220.0;-200.0;-180.0;-160.0;-140.0;-80.0;-60.0;-40.0;-20.0;0.0;20.0;40.0;140.0;160.0;180.0;240.0;280.0;300.0;320.0;340.0;360.0;380.0;400.0;500.0;520.0;540.0
-3.68768;-3.717231;-3.105981;-3.897526;6.034932;6.034932;-1.373854;-0.839871;-0.81704;-0.961253;-1.445692;-2.240557;-3.68768;-3.717231;-3.105981;-3.897526;6.034932;6.034932;-1.373854;-0.839871;-0.81704;-0.961253;-1.445692;-2.240557;-3.68768;-3.717231;-3.105981;6.034932;6.034932;-1.373854;-0.839871;-0.81704;-0.961253;-1.445692;-2.240557;-3.68768;-3.717231
-560.0;-540.0;-520.0;-500.0;-400.0;-380.0;-360.0;-340.0;-320.0;-220.0;-200.0;-180.0;-160.0;-140.0;-40.0;-20.0;0.0;20.0;40.0;140.0;160.0;180.0;240.0;320.0;340.0;360.0;380.0;400.0;500.0;520.0;540.0
-3.080579;-4.450457;-4.02575;-4.074586;1.519857;-1.195238;-2.281275;0.256358;0.256358;-1.237158;-3.080579;-4.450457;-4.02575;-4.074586;1.519857;-1.195238;-2.281275;0.256358;0.256358;-1.237158;-3.080579;-4.450457;-4.02575;1.519857;-1.195238;-2.281275;0.256358;0.256358;-1.237158;-3.080579;-4.450457
-560.0;-540.0;-520.0;-500.0;-400.0;-380.0;-200.0;-180.0;-160.0;-140.0;-40.0;-20.0;160.0;180.0;240.0;320.0;340.0;520.0;540.0
-3.927189;-3.384999;-2.347974;-0.321277;4.591969;4.591969;-3.927189;-3.384999;-2.347974;-0.321277;4.591969;4.591969;-3.927189;-3.384999;-2.347974;4.591969;4.591969;-3.927189;-3.384999
-560.0;-540.0;-520.0;-500.0;-200.0;-180.0;-160.0;-140.0;160.0;180.0;240.0;520.0;540.0
2.910092;-1.413422;-3.110589;-1.252225;2.910092;-1.413422;-3.110589;-1.252225;2.910092;-1.413422;-3.110589;2.910092;-1.413422
-560.0;-540.0;-520.0;-500.0;-480.0;-240.0;-220.0;-200.0;-180.0;-160.0;-140.0;-120.0;120.0;140.0;160.0;180.0;240.0;480.0;500.0;520.0;540.0
-2.029258;-2.021497;-2.670661;1.052018;4.463845;-4.628706;-3.217762;-2.029258;-2.021497;-2.670661;1.052018;4.463845;-4.628706;-3.217762;-2.029258;-2.021497;-2.670661;-4.628706;-3.217762;-2.029258;-2.021497
-560.0;-540.0;-520.0;-500.0;-480.0;-440.0;-420.0;-400.0;-360.0;-340.0;-320.0;-300.0;-280.0;-260.0;-240.0;-220.0;-200.0;-180.0;-160.0;-140.0;-120.0;-80.0;-60.0;-40.0;0.0;20.0;40.0;60.0;80.0;100.0;120.0;140.0;160.0;180.0;240.0;280.0;300.0;320.0;360.0;380.0;400.0;420.0;440.0;460.0;480.0;500.0;520.0;540.0
-2.388038;-1.988747;-1.446281;2.130415;4.463845;0.630959;-0.955444;-2.541847;-4.207678;-3.002314;-0.591587;-2.613745;-2.613745;-0.991097;-1.693856;-2.48646;-2.388038;-1.988747;-1.446281;2.130415;4.463845;0.630959;-0.955444;-2.541847;-4.207678;-3.002314;-0.591587;-2.613745;-2.613745;-0.991097;-1.693856;-2.48646;-2.388038;-1.988747;-1.446281;0.630959;-0.955444;-2.541847;-4.207678;-3.002314;-0.591587;-2.613745;-2.613745;-0.991097;-1.693856;-2.48646;-2.388038;-1.988747
-560.0;-540.0;-520.0;-500.0;-460.0;-440.0;-420.0;-400.0;-380.0;-360.0;-340.0;-320.0;-300.0;-280.0;-260.0;-240.0;-220.0;-200.0;-180.0;-160.0;-140.0;-100.0;-80.0;-60.0;-40.0;-20.0;0.0;20.0;40.0;60.0;80.0;100.0;120.0;140.0;160.0;180.0;240.0;260.0;280.0;300.0;320.0;340.0;360.0;380.0;400.0;420.0;440.0;460.0;480.0;500.0;520.0;540.0
-1.826088;-1.794404;-0.685213;3.067887;-3.440635;-2.562872;-2.441996;-4.116674;-3.811596;-3.649604;-2.398917;-0.441286;-1.92296;-1.354104;-1.043182;-1.065434;-1.454977;-1.826088;-1.794404;-0.685213;3.067887;-3.440635;-2.562872;-2.441996;-4.116674;-3.811596;-3.649604;-2.398917;-0.441286;-1.92296;-1.354104;-1.043182;-1.065434;-1.454977;-1.826088;-1.794404;-0.685213;-3.440635;-2.562872;-2.441996;-4.116674;-3.811596;-3.649604;-2.398917;-0.441286;-1.92296;-1.354104;-1.043182;-1.065434;-1.454977;-1.826088;-1.794404
-560.0;-540.0;-520.0;-500.0;-480.0;-460.0;-440.0;-420.0;-400.0;-380.0;-360.0;-340.0;-320.0;-300.0;-280.0;-260.0;-240.0;-220.0;-200.0;-180.0;-160.0;-140.0;-120.0;-100.0;-80.0;-60.0;-40.0;-20.0;0.0;20.0;40.0;60.0;80.0;100.0;120.0;140.0;160.0;180.0;240.0;260.0;280.0;300.0;320.0;340.0;360.0;380.0;400.0;420.0;440.0;460.0;480.0;500.0;520.0;540.0
-1.325202;-1.295316;0.765054;0.665181;-1.670512;-2.850594;-3.55487;-3.738595;-2.016273;-2.213174;-2.164348;-1.434514;-0.410372;-1.797362;-0.387695;-0.33336;-0.554997;-0.866101;-1.325202;-1.295316;0.765054;0.665181;-1.670512;-2.850594;-3.55487;-3.738595;-2.016273;-2.213174;-2.164348;-1.434514;-0.410372;-1.797362;-0.387695;-0.33336;-0.554997;-0.866101;-1.325202;-1.295316;0.765054;-2.850594;-3.55487;-3.738595;-2.016273;-2.213174;-2.164348;-1.434514;-0.410372;-1.797362;-0.387695;-0.33336;-0.554997;-0.866101;-1.325202;-1.295316
-560.0;-540.0;-520.0;-500.0;-480.0;-460.0;-440.0;-420.0;-400.0;-380.0;-360.0;-340.0;-320.0;-300.0;-280.0;-260.0;-240.0;-220.0;-200.0;-180.0;-160.0;-140.0;-120.0;-100.0;-80.0;-60.0;-40.0;-20.0;0.0;20.0;40.0;60.0;80.0;100.0;120.0;140.0;160.0;180.0;240.0;260.0;280.0;300.0;320.0;340.0;360.0;380.0;400.0;420.0;440.0;460.0;480.0;500.0;520.0;540.0
-0.613694;-0.205303;1.091473;2.235185;-1.670512;-0.132315;-1.06097;-1.385715;-1.186267;-1.302466;-1.314372;-1.055919;-0.513047;1.392646;0.831449;0.35631;0.025757;-0.342613;-0.613694;-0.205303;1.091473;2.235185;-1.670512;-0.132315;-1.06097;-1.385715;-1.186267;-1.302466;-1.314372;-1.055919;-0.513047;1.392646;0.831449;0.35631;0.025757;-0.342613;-0.613694;-0.205303;1.091473;-0.132315;-1.06097;-1.385715;-1.186267;-1.302466;-1.314372;-1.055919;-0.513047;1.392646;0.831449;0.35631;0.025757;-0.342613;-0.613694;-0.205303
-560.0;-540.0;-520.0;-500.0;-460.0;-440.0;-420.0;-400.0;-380.0;-360.0;-340.0;-320.0;-300.0;-280.0;-260.0;-240.0;-220.0;-200.0;-180.0;-160.0;-140.0;-100.0;-80.0;-60.0;-40.0;-20.0;0.0;20.0;40.0;60.0;80.0;100.0;120.0;140.0;160.0;180.0;240.0;260.0;280.0;300.0;320.0;340.0;360.0;380.0;400.0;420.0;440.0;460.0;480.0;500.0;520.0;540.0
-0.356884;-0.017193;1.157432;7.777901;1.405881;0.468067;-0.251812;-0.285137;-0.551938;-1.105255;-0.966585;-0.327508;1.205858;0.602338;0.245815;0.435739;0.07031;-0.356884;-0.017193;1.157432;7.777901;1.405881;0.468067;-0.251812;-0.285137;-0.551938;-1.105255;-0.966585;-0.327508;1.205858;0.602338;0.245815;0.435739;0.07031;-0.356884;-0.017193;1.157432;1.405881;0.468067;-0.251812;-0.285137;-0.551938;-1.105255;-0.966585;-0.327508;1.205858;0.602338;0.245815;0.435739;0.07031;-0.356884;-0.017193
-560.0;-540.0;-520.0;-440.0;-420.0;-400.0;-380.0;-360.0;-340.0;-320.0;-300.0;-280.0;-260.0;-240.0;-220.0;-200.0;-180.0;-160.0;-80.0;-60.0;-40.0;-20.0;0.0;20.0;40.0;60.0;80.0;100.0;120.0;140.0;160.0;180.0;240.0;280.0;300.0;320.0;340.0;360.0;380.0;400.0;420.0;440.0;460.0;480.0;500.0;520.0;540.0
-0.347943;-0.172568;-0.283877;-0.087986;-0.255587;-0.192527;-0.226972;-0.878836;-3.276582;1.929315;0.707757;0.450749;-0.340428;0.194474;0.027804;-0.347943;-0.172568;-0.283877;-0.087986;-0.255587;-0.192527;-0.226972;-0.878836;-3.276582;1.929315;0.707757;0.450749;-0.340428;0.194474;0.027804;-0.347943;-0.172568;-0.283877;-0.087986;-0.255587;-0.192527;-0.226972;-0.878836;-3.276582;1.929315;0.707757;0.450749;-0.340428;0.194474;0.027804;-0.347943;-0.172568
-560.0;-440.0;-420.0;-400.0;-380.0;-360.0;-260.0;-240.0;-220.0;-200.0;-80.0;-60.0;-40.0;-20.0;0.0;100.0;120.0;140.0;160.0;280.0;300.0;320.0;340.0;360.0;460.0;480.0;500.0
-0.043131;-4.214437;-0.318071;-0.167235;0.120962;0.538614;0.757025;-1.133611;-1.027396;-0.043131;-4.214437;-0.318071;-0.167235;0.120962;0.538614;0.757025;-1.133611;-1.027396;-0.043131;-4.214437;-0.318071;-0.167235;0.120962;0.538614;0.757025;-1.133611;-1.027396
-320.0;-300.0;-280.0;-260.0;40.0;60.0;80.0;100.0;400.0;420.0;440.0
-1.056305;-1.056305;-6.399346;-6.399346;-1.056305;-1.056305;-6.399346;-6.399346;-1.056305;-1.056305;-6.399346
-520.0;-500.0;-480.0;-460.0;-360.0;-340.0;-320.0;-300.0;-280.0;-260.0;-160.0;-140.0;-120.0;-100.0;0.0;20.0;40.0;60.0;80.0;100.0;240.0;260.0;360.0;380.0;400.0;420.0;440.0;460.0
-1.258455;0.249062;0.0999;-1.855104;-3.967944;-2.559627;-1.81867;-1.554546;-6.399346;-6.399346;-1.258455;0.249062;0.0999;-1.855104;-3.967944;-2.559627;-1.81867;-1.554546;-6.399346;-6.399346;-1.258455;-1.855104;-3.967944;-2.559627;-1.81867;-1.554546;-6.399346;-6.399346
-540.0;-520.0;-500.0;-480.0;-460.0;-440.0;-420.0;-400.0;-380.0;-360.0;-340.0;-320.0;-300.0;-240.0;-220.0;-180.0;-160.0;-140.0;-120.0;-100.0;-80.0;-60.0;-40.0;-20.0;0.0;20.0;40.0;60.0;120.0;140.0;180.0;240.0;260.0;280.0;300.0;320.0;340.0;360.0;380.0;400.0;420.0;480.0;500.0;540.0
1.053349;-0.00789;-0.43088;0.763331;1.150866;-1.579516;2.508794;3.16862;-2.467499;-2.441551;-2.188913;-1.992198;-1.88832;6.127616;6.127616;1.053349;-0.00789;-0.43088;0.763331;1.150866;-1.579516;2.508794;3.16862;-2.467499;-2.441551;-2.188913;-1.992198;-1.88832;6.127616;6.127616;1.053349;-0.00789;1.150866;-1.579516;2.508794;3.16862;-2.467499;-2.441551;-2.188913;-1.992198;-1.88832;6.127616;6.127616;1.053349
-560.0;-540.0;-520.0;-500.0;-480.0;-460.0;-440.0;-420.0;-400.0;-380.0;-360.0;-340.0;-320.0;-300.0;-240.0;-220.0;-200.0;-180.0;-160.0;-140.0;-120.0;-100.0;-80.0;-60.0;-40.0;-20.0;0.0;20.0;40.0;60.0;120.0;140.0;160.0;180.0;240.0;260.0;280.0;300.0;320.0;340.0;360.0;380.0;400.0;420.0;480.0;500.0;520.0;540.0
-4.30031;-1.331941;-0.651081;-1.63275;1.647905;2.653852;2.227708;3.684173;1.71393;-0.849382;-1.202086;-1.598539;-2.220129;-2.924473;6.127616;1.44183;-4.30031;-1.331941;-0.651081;-1.63275;1.647905;2.653852;2.227708;3.684173;1.71393;-0.849382;-1.202086;-1.598539;-2.220129;-2.924473;6.127616;1.44183;-4.30031;-1.331941;-0.651081;2.653852;2.227708;3.684173;1.71393;-0.849382;-1.202086;-1.598539;-2.220129;-2.924473;6.127616;1.44183;-4.30031;-1.331941
-560.0;-540.0;-520.0;-500.0;-440.0;-420.0;-400.0;-380.0;-360.0;-340.0;-320.0;-220.0;-200.0;-180.0;-160.0;-140.0;-80.0;-60.0;-40.0;-20.0;0.0;20.0;40.0;140.0;160.0;180.0;240.0;280.0;300.0;320.0;340.0;360.0;380.0;400.0;500.0;520.0;540.0
-3.68768;-3.717231;-3.105981;-3.897526;6.034932;6.034932;-1.373854;-0.839871;-0.81704;-0.961253;-1.445692;-2.240557;-3.68768;-3.717231;-3.105981;-3.897526;6.034932;6.034932;-1.373854;-0.839871;-0.81704;-0.961253;-1.445692;-2.240557;-3.68768;-3.717231;-3.105981;6.034932;6.034932;-1.373854;-0.839871;-0.81704;-0.961253;-1.445692;-2.240557;-3.68768;-3.717231
-560.0;-540.0;-520.0;-500.0;-400.0;-380.0;-360.0;-340.0;-320.0;-220.0;-200.0;-180.0;-160.0;-140.0;-40.0;-20.0;0.0;20.0;40.0;140.0;160.0;180.0;240.0;320.0;340.0;360.0;380.0;400.0;500.0;520.0;540.0
-3.080579;-4.450457;-4.02575;-4.074586;1.519857;-1.195238;-2.281275;0.256358;0.256358;-1.237158;-3.080579;-4.450457;-4.02575;-4.074586;1.519857;-1.195238;-2.281275;0.256358;0.256358;-1.237158;-3.080579;-4.450457;-4.02575;1.519857;-1.195238;-2.281275;0.256358;0.256358;-1.237158;-3.080579;-4.450457
-560.0;-540.0;-520.0;-500.0;-400.0;-380.0;-200.0;-180.0;-160.0;-140.0;-40.0;-20.0;160.0;180.0;240.0;320.0;340.0;520.0;540.0
-3.927189;-3.384999;-2.347974;-0.321277;4.591969;4.591969;-3.927189;-3.384999;-2.347974;-0.321277;4.591969;4.591969;-3.927189;-3.384999;-2.347974;4.591969;4.591969;-3.927189;-3.384999
-560.0;-540.0;-520.0;-500.0;-200.0;-180.0;-160.0;-140.0;160.0;180.0;240.0;520.0;540.0
2.910092;-1.413422;-3.110589;-1.252225;2.910092;-1.413422;-3.110589;-1.252225;2.910092;-1.413422;-3.110589;2.910092;-1.413422
-560.0;-540.0;-520.0;-500.0;-480.0;-240.0;-220.0;-200.0;-180.0;-160.0;-140.0;-120.0;120.0;140.0;160.0;180.0;240.0;480.0;500.0;520.0;540.0
-2.029258;-2.021497;-2.670661;1.052018;4.463845;-4.628706;-3.217762;-2.029258;-2.021497;-2.670661;1.052018;4.463845;-4.628706;-3.217762;-2.029258;-2.021497;-2.670661;-4.628706;-3.217762;-2.029258;-2.021497
-560.0;-540.0;-520.0;-500.0;-480.0;-440.0;-420.0;-400.0;-360.0;-340.0;-320.0;-300.0;-280.0;-260.0;-240.0;-220.0;-200.0;-180.0;-160.0;-140.0;-120.0;-80.0;-60.0;-40.0;0.0;20.0;40.0;60.0;80.0;100.0;120.0;140.0;160.0;180.0;240.0;280.0;300.0;320.0;360.0;380.0;400.0;420.0;440.0;460.0;480.0;500.0;520.0;540.0
-2.388038;-1.988747;-1.446281;2.130415;4.463845;0.630959;-0.955444;-2.541847;-4.207678;-3.002314;-0.591587;-2.613745;-2.613745;-0.991097;-1.693856;-2.48646;-2.388038;-1.988747;-1.446281;2.130415;4.463845;0.630959;-0.955444;-2.541847;-4.207678;-3.002314;-0.591587;-2.613745;-2.613745;-0.991097;-1.693856;-2.48646;-2.388038;-1.988747;-1.446281;0.630959;-0.955444;-2.541847;-4.207678;-3.002314;-0.591587;-2.613745;-2.613745;-0.991097;-1.693856;-2.48646;-2.388038;-1.988747
-560.0;-540.0;-520.0;-500.0;-460.0;-440.0;-420.0;-400.0;-380.0;-360.0;-340.0;-320.0;-300.0;-280.0;-260.0;-240.0;-220.0;-200.0;-180.0;-160.0;-140.0;-100.0;-80.0;-60.0;-40.0;-20.0;0.0;20.0;40.0;60.0;80.0;100.0;120.0;140.0;160.0;180.0;240.0;260.0;280.0;300.0;320.0;340.0;360.0;380.0;400.0;420.0;440.0;460.0;480.0;500.0;520.0;540.0
-1.826088;-1.794404;-0.685213;3.067887;-3.440635;-2.562872;-2.441996;-4.116674;-3.811596;-3.649604;-2.398917;-0.441286;-1.92296;-1.354104;-1.043182;-1.065434;-1.454977;-1.826088;-1.794404;-0.685213;3.067887;-3.440635;-2.562872;-2.441996;-4.116674;-3.811596;-3.649604;-2.398917;-0.441286;-1.92296;-1.354104;-1.043182;-1.065434;-1.454977;-1.826088;-1.794404;-0.685213;-3.440635;-2.562872;-2.441996;-4.116674;-3.811596;-3.649604;-2.398917;-0.441286;-1.92296;-1.354104;-1.043182;-1.065434;-1.454977;-1.826088;-1.794404
-560.0;-540.0;-520.0;-500.0;-480.0;-460.0;-440.0;-420.0;-400.0;-380.0;-360.0;-340.0;-320.0;-300.0;-280.0;-260.0;-240.0;-220.0;-200.0;-180.0;-160.0;-140.0;-120.0;-100.0;-80.0;-60.0;-40.0;-20.0;0.0;20.0;40.0;60.0;80.0;100.0;120.0;140.0;160.0;180.0;240.0;260.0;280.0;300.0;320.0;340.0;360.0;380.0;400.0;420.0;440.0;460.0;480.0;500.0;520.0;540.0
-1.325202;-1.295316;0.765054;0.665181;-1.670512;-2.850594;-3.55487;-3.738595;-2.016273;-2.213174;-2.164348;-1.434514;-0.410372;-1.797362;-0.387695;-0.33336;-0.554997;-0.866101;-1.325202;-1.295316;0.765054;0.665181;-1.670512;-2.850594;-3.55487;-3.738595;-2.016273;-2.213174;-2.164348;-1.434514;-0.410372;-1.797362;-0.387695;-0.33336;-0.554997;-0.866101;-1.325202;-1.295316;0.765054;-2.850594;-3.55487;-3.738595;-2.016273;-2.213174;-2.164348;-1.434514;-0.410372;-1.797362;-0.387695;-0.33336;-0.554997;-0.866101;-1.325202;-1.295316
-560.0;-540.0;-520.0;-500.0;-480.0;-460.0;-440.0;-420.0;-400.0;-380.0;-360.0;-340.0;-320.0;-300.0;-280.0;-260.0;-240.0;-220.0;-200.0;-180.0;-160.0;-140.0;-120.0;-100.0;-80.0;-60.0;-40.0;-20.0;0.0;20.0;40.0;60.0;80.0;100.0;120.0;140.0;160.0;180.0;240.0;260.0;280.0;300.0;320.0;340.0;360.0;380.0;400.0;420.0;440.0;460.0;480.0;500.0;520.0;540.0
-0.613694;-0.205303;1.091473;2.235185;-1.670512;-0.132315;-1.06097;-1.385715;-1.186267;-1.302466;-1.314372;-1.055919;-0.513047;1.392646;0.831449;0.35631;0.025757;-0.342613;-0.613694;-0.205303;1.091473;2.235185;-1.670512;-0.132315;-1.06097;-1.385715;-1.186267;-1.302466;-1.314372;-1.055919;-0.513047;1.392646;0.831449;0.35631;0.025757;-0.342613;-0.613694;-0.205303;1.091473;-0.132315;-1.06097;-1.385715;-1.186267;-1.302466;-1.314372;-1.055919;-0.513047;1.392646;0.831449;0.35631;0.025757;-0.342613;-0.613694;-0.205303
-560.0;-540.0;-520.0;-500.0;-460.0;-440.0;-420.0;-400.0;-380.0;-360.0;-340.0;-320.0;-300.0;-280.0;-260.0;-240.0;-220.0;-200.0;-180.0;-160.0;-140.0;-100.0;-80.0;-60.0;-40.0;-20.0;0.0;20.0;40.0;60.0;80.0;100.0;120.0;140.0;160.0;180.0;240.0;260.0;280.0;300.0;320.0;340.0;360.0;380.0;400.0;420.0;440.0;460.0;480.0;500.0;520.0;540.0
-0.356884;-0.017193;1.157432;7.777901;1.405881;0.468067;-0.251812;-0.285137;-0.551938;-1.105255;-0.966585;-0.327508;1.205858;0.602338;0.245815;0.435739;0.07031;-0.356884;-0.017193;1.157432;7.777901;1.405881;0.468067;-0.251812;-0.285137;-0.551938;-1.105255;-0.966585;-0.327508;1.205858;0.602338;0.245815;0.435739;0.07031;-0.356884;-0.017193;1.157432;1.405881;0.468067;-0.251812;-0.285137;-0.551938;-1.105255;-0.966585;-0.327508;1.205858;0.602338;0.245815;0.435739;0.07031;-0.356884;-0.017193
-560.0;-540.0;-520.0;-440.0;-420.0;-400.0;-380.0;-360.0;-340.0;-320.0;-300.0;-280.0;-260.0;-240.0;-220.0;-200.0;-180.0;-160.0;-80.0;-60.0;-40.0;-20.0;0.0;20.0;40.0;60.0;80.0;100.0;120.0;140.0;160.0;180.0;240.0;280.0;300.0;320.0;340.0;360.0;380.0;400.0;420.0;440.0;460.0;480.0;500.0;520.0;540.0
-0.347943;-0.172568;-0.283877;-0.087986;-0.255587;-0.192527;-0.226972;-0.878836;-3.276582;1.929315;0.707757;0.450749;-0.340428;0.194474;0.027804;-0.347943;-0.172568;-0.283877;-0.087986;-0.255587;-0.192527;-0.226972;-0.878836;-3.276582;1.929315;0.707757;0.450749;-0.340428;0.194474;0.027804;-0.347943;-0.172568;-0.283877;-0.087986;-0.255587;-0.192527;-0.226972;-0.878836;-3.276582;1.929315;0.707757;0.450749;-0.340428;0.194474;0.027804;-0.347943;-0.172568
-560.0;-440.0;-420.0;-400.0;-380.0;-360.0;-260.0;-240.0;-220.0;-200.0;-80.0;-60.0;-40.0;-20.0;0.0;100.0;120.0;140.0;160.0;280.0;300.0;320.0;340.0;360.0;460.0;480.0;500.0
-0.043131;-4.214437;-0.318071;-0.167235;0.120962;0.538614;0.757025;-1.133611;-1.027396;-0.043131;-4.214437;-0.318071;-0.167235;0.120962;0.538614;0.757025;-1.133611;-1.027396;-0.043131;-4.214437;-0.318071;-0.167235;0.120962;0.538614;0.757025;-1.133611;-1.027396
-320.0;-300.0;-280.0;-260.0;40.0;60.0;80.0;100.0;400.0;420.0;440.0
-1.056305;-1.056305;-6.399346;-6.399346;-1.056305;-1.056305;-6.399346;-6.399346;-1.056305;-1.056305;-6.399346
-520.0;-500.0;-480.0;-460.0;-360.0;-340.0;-320.0;-300.0;-280.0;-260.0;-160.0;-140.0;-120.0;-100.0;0.0;20.0;40.0;60.0;80.0;100.0;240.0;260.0;360.0;380.0;400.0;420.0;440.0;460.0
-1.258455;0.249062;0.0999;-1.855104;-3.967944;-2.559627;-1.81867;-1.554546;-6.399346;-6.399346;-1.258455;0.249062;0.0999;-1.855104;-3.967944;-2.559627;-1.81867;-1.554546;-6.399346;-6.399346;-1.258455;-1.855104;-3.967944;-2.559627;-1.81867;-1.554546;-6.399346;-6.399346
-540.0;-520.0;-500.0;-480.0;-460.0;-440.0;-420.0;-400.0;-380.0;-360.0;-340.0;-320.0;-300.0;-240.0;-220.0;-180.0;-160.0;-140.0;-120.0;-100.0;-80.0;-60.0;-40.0;-20.0;0.0;20.0;40.0;60.0;120.0;140.0;180.0;240.0;260.0;280.0;300.0;320.0;340.0;360.0;380.0;400.0;420.0;480.0;500.0;540.0
1.053349;-0.00789;-0.43088;0.763331;1.150866;-1.579516;2.508794;3.16862;-2.467499;-2.441551;-2.188913;-1.992198;-1.88832;6.127616;6.127616;1.053349;-0.00789;-0.43088;0.763331;1.150866;-1.579516;2.508794;3.16862;-2.467499;-2.441551;-2.188913;-1.992198;-1.88832;6.127616;6.127616;1.053349;-0.00789;1.150866;-1.579516;2.508794;3.16862;-2.467499;-2.441551;-2.188913;-1.992198;-1.88832;6.127616;6.127616;1.053349
-560.0;-540.0;-520.0;-500.0;-480.0;-460.0;-440.0;-420.0;-400.0;-380.0;-360.0;-340.0;-320.0;-300.0;-240.0;-220.0;-200.0;-180.0;-160.0;-140.0;-120.0;-100.0;-80.0;-60.0;-40.0;-20.0;0.0;20.0;40.0;60.0;120.0;140.0;160.0;180.0;240.0;260.0;280.0;300.0;320.0;340.0;360.0;380.0;400.0;420.0;480.0;500.0;520.0;540.0
-4.30031;-1.331941;-0.651081;-1.63275;1.647905;2.653852;2.227708;3.684173;1.71393;-0.849382;-1.202086;-1.598539;-2.220129;-2.924473;6.127616;1.44183;-4.30031;-1.331941;-0.651081;-1.63275;1.647905;2.653852;2.227708;3.684173;1.71393;-0.849382;-1.202086;-1.598539;-2.220129;-2.924473;6.127616;1.44183;-4.30031;-1.331941;-0.651081;2.653852;2.227708;3.684173;1.71393;-0.849382;-1.202086;-1.598539;-2.220129;-2.924473;6.127616;1.44183;-4.30031;-1.331941
-560.0;-540.0;-520.0;-500.0;-440.0;-420.0;-400.0;-380.0;-360.0;-340.0;-320.0;-220.0;-200.0;-180.0;-160.0;-140.0;-80.0;-60.0;-40.0;-20.0;0.0;20.0;40.0;140.0;160.0;180.0;240.0;280.0;300.0;320.0;340.0;360.0;380.0;400.0;500.0;520.0;540.0
-3.68768;-3.717231;-3.105981;-3.897526;6.034932;6.034932;-1.373854;-0.839871;-0.81704;-0.961253;-1.445692;-2.240557;-3.68768;-3.717231;-3.105981;-3.897526;6.034932;6.034932;-1.373854;-0.839871;-0.81704;-0.961253;-1.445692;-2.240557;-3.68768;-3.717231;-3.105981;6.034932;6.034932;-1.373854;-0.839871;-0.81704;-0.961253;-1.445692;-2.240557;-3.68768;-3.717231
-560.0;-540.0;-520.0;-500.0;-400.0;-380.0;-360.0;-340.0;-320.0;-220.0;-200.0;-180.0;-160.0;-140.0;-40.0;-20.0;0.0;20.0;40.0;140.0;160.0;180.0;240.0;320.0;340.0;360.0;380.0;400.0;500.0;520.0;540.0
-3.080579;-4.450457;-4.02575;-4.074586;1.519857;-1.195238;-2.281275;0.256358;0.256358;-1.237158;-3.080579;-4.450457;-4.02575;-4.074586;1.519857;-1.195238;-2.281275;0.256358;0.256358;-1.237158;-3.080579;-4.450457;-4.02575;1.519857;-1.195238;-2.281275;0.256358;0.256358;-1.237158;-3.080579;-4.450457
-560.0;-540.0;-520.0;-500.0;-400.0;-380.0;-200.0;-180.0;-160.0;-140.0;-40.0;-20.0;160.0;180.0;240.0;320.0;340.0;520.0;540.0
-3.927189;-3.384999;-2.347974;-0.321277;4.591969;4.591969;-3.927189;-3.384999;-2.347974;-0.321277;4.591969;4.591969;-3.927189;-3.384999;-2.347974;4.591969;4.591969;-3.927189;-3.384999
-560.0;-540.0;-520.0;-500.0;-200.0;-180.0;-160.0;-140.0;160.0;180.0;240.0;520.0;540.0
2.910092;-1.413422;-3.110589;-1.252225;2.910092;-1.413422;-3.110589;-1.252225;2.910092;-1.413422;-3.110589;2.910092;-1.413422
-560.0;-540.0;-520.0;-500.0;-480.0;-240.0;-220.0;-200.0;-180.0;-160.0;-140.0;-120.0;120.0;140.0;160.0;180.0;240.0;480.0;500.0;520.0;540.0
-2.029258;-2.021497;-2.670661;1.052018;4.463845;-4.628706;-3.217762;-2.029258;-2.021497;-2.670661;1.052018;4.463845;-4.628706;-3.217762;-2.029258;-2.021497;-2.670661;-4.628706;-3.217762;-2.029258;-2.021497
-560.0;-540.0;-520.0;-500.0;-480.0;-440.0;-420.0;-400.0;-360.0;-340.0;-320.0;-300.0;-280.0;-260.0;-240.0;-220.0;-200.0;-180.0;-160.0;-140.0;-120.0;-80.0;-60.0;-40.0;0.0;20.0;40.0;60.0;80.0;100.0;120.0;140.0;160.0;180.0;240.0;280.0;300.0;320.0;360.0;380.0;400.0;420.0;440.0;460.0;480.0;500.0;520.0;540.0
-2.388038;-1.988747;-1.446281;2.130415;4.463845;0.630959;-0.955444;-2.541847;-4.207678;-3.002314;-0.591587;-2.613745;-2.613745;-0.991097;-1.693856;-2.48646;-2.388038;-1.988747;-1.446281;2.130415;4.463845;0.630959;-0.955444;-2.541847;-4.207678;-3.002314;-0.591587;-2.613745;-2.613745;-0.991097;-1.693856;-2.48646;-2.388038;-1.988747;-1.446281;0.630959;-0.955444;-2.541847;-4.207678;-3.002314;-0.591587;-2.613745;-2.613745;-0.991097;-1.693856;-2.48646;-2.388038;-1.988747
