60.000000;180.000000;-60.000000;?;ALA;GLY
A;C;D;E;F;G;H;I;K;L;M;N;P;Q;R;S;T;V;W;Y
0.000000;0.000000;0.000000;0.000000;0.044657;0.000000
-1.754835;3.281672;0.896542;0.000000;0.000000;0.000000
1.110913;0.835236;1.263192;0.000000;0.000000;0.000000
-0.207968;2.314467;1.158873;-0.933124;0.000000;0.000000
-3.256537;3.533690;0.250643;0.000000;0.000000;0.000000
0.000000;0.000000;0.000000;0.000000;0.000000;1.324799
-0.674306;3.225606;0.774540;0.000000;0.000000;0.000000
-4.434684;1.930744;2.683130;0.000000;0.000000;0.000000
0.792194;2.432812;0.866431;4.253816;0.000000;0.000000
0.384819;1.734973;-0.039067;0.000000;0.000000;0.000000
-0.210672;1.793085;1.858969;0.000000;0.000000;0.000000
0.712622;1.549054;0.557969;0.000000;0.000000;0.000000
0.000000;0.000000;0.000000;0.000000;0.000000;0.000000
0.219352;2.955495;1.019479;0.000000;0.000000;0.000000
-2.023999;1.404268;0.338892;0.000000;0.000000;0.000000
0.907619;0.634183;2.227374;3.912605;0.000000;0.000000
-1.465930;2.687536;4.906924;1.831636;0.000000;0.000000
2.306269;2.236904;-4.011297;0.000000;0.000000;0.000000
-2.195340;10.242485;0.412272;0.000000;0.000000;0.000000
-0.199876;2.404824;-0.807424;0.000000;0.000000;0.000000
