C;H;B
A;C;D;E;F;G;H;I;K;L;M;N;P;Q;R;S;T;V;W;Y
-2.920656;-1.473715;-3.308865
-0.669924;0.161386;-1.443088
-1.191939;-0.927111;-1.761595
-1.503633;-1.395495;-0.736001
0.277502;-1.786529;-1.533670
-0.658105;0.246895;-0.047178
-0.906469;0.377383;-1.929269
0.020192;-0.574965;1.726776
-1.443524;-1.154643;-0.240188
-1.680170;-1.485075;-1.392990
-1.576528;-1.285631;-1.561604
-2.106147;-0.033782;-1.500743
-2.049002;-2.550399;-0.692216
-2.379301;-0.410532;-1.205074
-2.409562;-1.629535;-1.300291
-0.012314;1.264993;-0.516310
1.074420;0.495030;1.128540
-0.516119;-1.688333;0.207808
-1.911423;-1.462992;-0.488646
-0.519714;-0.494454;-1.000791
