0.000000 -540.000000 -520.000000 -500.000000 -480.000000 -460.000000 -440.000000 -420.000000 -400.000000 -380.000000 -320.000000 -300.000000 -280.000000 -180.000000 -160.000000 -140.000000 -120.000000 -100.000000 -80.000000 -60.000000 -40.000000 -20.000000 40.000000 60.000000 80.000000 180.000000 200.000000 220.000000 240.000000 260.000000 280.000000 300.000000 320.000000 340.000000 400.000000 420.000000 440.000000 540.000000 
0.000000 1.552215 4.776499 0.917510 0.896009 0.011923 -0.538213 -0.665515 -0.622033 0.090715 -2.029620 -1.787852 -1.785427 1.552215 4.776499 0.917510 0.896009 0.011923 -0.538213 -0.665515 -0.622033 0.090715 -2.029620 -1.787852 -1.785427 1.552215 4.776499 0.917510 0.896009 0.011923 -0.538213 -0.665515 -0.622033 0.090715 -2.029620 -1.787852 -1.785427 1.552215 
0.000000 -540.000000 -520.000000 -500.000000 -480.000000 -460.000000 -440.000000 -420.000000 -400.000000 -380.000000 -320.000000 -300.000000 -280.000000 -180.000000 -160.000000 -140.000000 -120.000000 -100.000000 -80.000000 -60.000000 -40.000000 -20.000000 40.000000 60.000000 80.000000 180.000000 200.000000 220.000000 240.000000 260.000000 280.000000 300.000000 320.000000 340.000000 400.000000 420.000000 440.000000 540.000000 
0.000000 1.451548 3.811128 0.889178 0.478350 -0.150015 -0.487933 -0.670625 -0.348166 -0.100654 -2.299040 -2.256117 -2.266038 1.451548 3.811128 0.889178 0.478350 -0.150015 -0.487933 -0.670625 -0.348166 -0.100654 -2.299040 -2.256117 -2.266038 1.451548 3.811128 0.889178 0.478350 -0.150015 -0.487933 -0.670625 -0.348166 -0.100654 -2.299040 -2.256117 -2.266038 1.451548 
0.000000 -540.000000 -520.000000 -500.000000 -480.000000 -460.000000 -440.000000 -420.000000 -400.000000 -380.000000 -320.000000 -300.000000 -280.000000 -180.000000 -160.000000 -140.000000 -120.000000 -100.000000 -80.000000 -60.000000 -40.000000 -20.000000 40.000000 60.000000 80.000000 180.000000 200.000000 220.000000 240.000000 260.000000 280.000000 300.000000 320.000000 340.000000 400.000000 420.000000 440.000000 540.000000 
0.000000 1.617092 5.238509 1.184491 1.029288 0.073194 -0.563126 -0.662060 -0.692686 0.171870 -1.873013 -1.641119 -1.648913 1.617092 5.238509 1.184491 1.029288 0.073194 -0.563126 -0.662060 -0.692686 0.171870 -1.873013 -1.641119 -1.648913 1.617092 5.238509 1.184491 1.029288 0.073194 -0.563126 -0.662060 -0.692686 0.171870 -1.873013 -1.641119 -1.648913 1.617092 
0.000000 -540.000000 -520.000000 -500.000000 -480.000000 -460.000000 -440.000000 -420.000000 -400.000000 -380.000000 -320.000000 -300.000000 -280.000000 -180.000000 -160.000000 -140.000000 -120.000000 -100.000000 -80.000000 -60.000000 -40.000000 -20.000000 40.000000 60.000000 80.000000 180.000000 200.000000 220.000000 240.000000 260.000000 280.000000 300.000000 320.000000 340.000000 400.000000 420.000000 440.000000 540.000000 
0.000000 1.760361 6.003298 1.963172 1.068728 0.142303 -0.557336 -0.633209 -0.690457 0.271702 -1.561571 -1.628341 -1.678841 1.760361 6.003298 1.963172 1.068728 0.142303 -0.557336 -0.633209 -0.690457 0.271702 -1.561571 -1.628341 -1.678841 1.760361 6.003298 1.963172 1.068728 0.142303 -0.557336 -0.633209 -0.690457 0.271702 -1.561571 -1.628341 -1.678841 1.760361 
0.000000 -540.000000 -520.000000 -500.000000 -480.000000 -460.000000 -440.000000 -420.000000 -400.000000 -380.000000 -320.000000 -300.000000 -280.000000 -180.000000 -160.000000 -140.000000 -120.000000 -100.000000 -80.000000 -60.000000 -40.000000 -20.000000 40.000000 60.000000 80.000000 180.000000 200.000000 220.000000 240.000000 260.000000 280.000000 300.000000 320.000000 340.000000 400.000000 420.000000 440.000000 540.000000 
0.000000 1.950597 6.675681 2.089697 0.933224 0.163286 -0.492795 -0.567894 -0.651294 0.282825 -1.206438 -1.877698 -1.957580 1.950597 6.675681 2.089697 0.933224 0.163286 -0.492795 -0.567894 -0.651294 0.282825 -1.206438 -1.877698 -1.957580 1.950597 6.675681 2.089697 0.933224 0.163286 -0.492795 -0.567894 -0.651294 0.282825 -1.206438 -1.877698 -1.957580 1.950597 
0.000000 -540.000000 -520.000000 -500.000000 -480.000000 -460.000000 -440.000000 -420.000000 -400.000000 -380.000000 -320.000000 -300.000000 -280.000000 -180.000000 -160.000000 -140.000000 -120.000000 -100.000000 -80.000000 -60.000000 -40.000000 -20.000000 40.000000 60.000000 80.000000 180.000000 200.000000 220.000000 240.000000 260.000000 280.000000 300.000000 320.000000 340.000000 400.000000 420.000000 440.000000 540.000000 
0.000000 1.926187 6.605713 2.140489 0.950564 0.163456 -0.501795 -0.576294 -0.652895 0.285968 -1.248712 -1.839591 -1.919325 1.926187 6.605713 2.140489 0.950564 0.163456 -0.501795 -0.576294 -0.652895 0.285968 -1.248712 -1.839591 -1.919325 1.926187 6.605713 2.140489 0.950564 0.163456 -0.501795 -0.576294 -0.652895 0.285968 -1.248712 -1.839591 -1.919325 1.926187 
0.000000 -540.000000 -520.000000 -500.000000 -480.000000 -460.000000 -440.000000 -420.000000 -400.000000 -380.000000 -320.000000 -300.000000 -280.000000 -180.000000 -160.000000 -140.000000 -120.000000 -100.000000 -80.000000 -60.000000 -40.000000 -20.000000 40.000000 60.000000 80.000000 180.000000 200.000000 220.000000 240.000000 260.000000 280.000000 300.000000 320.000000 340.000000 400.000000 420.000000 440.000000 540.000000 
0.000000 1.847642 6.350262 2.192149 1.013575 0.158679 -0.531363 -0.605144 -0.664773 0.290050 -1.391141 -1.724826 -1.796106 1.847642 6.350262 2.192149 1.013575 0.158679 -0.531363 -0.605144 -0.664773 0.290050 -1.391141 -1.724826 -1.796106 1.847642 6.350262 2.192149 1.013575 0.158679 -0.531363 -0.605144 -0.664773 0.290050 -1.391141 -1.724826 -1.796106 1.847642 
0.000000 -540.000000 -520.000000 -500.000000 -480.000000 -460.000000 -440.000000 -420.000000 -400.000000 -380.000000 -320.000000 -300.000000 -280.000000 -180.000000 -160.000000 -140.000000 -120.000000 -100.000000 -80.000000 -60.000000 -40.000000 -20.000000 40.000000 60.000000 80.000000 180.000000 200.000000 220.000000 240.000000 260.000000 280.000000 300.000000 320.000000 340.000000 400.000000 420.000000 440.000000 540.000000 
0.000000 1.901095 6.529316 2.178507 0.970170 0.162831 -0.511344 -0.585411 -0.655451 0.288605 -1.293136 -1.801281 -1.879578 1.901095 6.529316 2.178507 0.970170 0.162831 -0.511344 -0.585411 -0.655451 0.288605 -1.293136 -1.801281 -1.879578 1.901095 6.529316 2.178507 0.970170 0.162831 -0.511344 -0.585411 -0.655451 0.288605 -1.293136 -1.801281 -1.879578 1.901095 
0.000000 -540.000000 -520.000000 -500.000000 -480.000000 -460.000000 -440.000000 -420.000000 -400.000000 -380.000000 -320.000000 -300.000000 -280.000000 -180.000000 -160.000000 -140.000000 -120.000000 -100.000000 -80.000000 -60.000000 -40.000000 -20.000000 40.000000 60.000000 80.000000 180.000000 200.000000 220.000000 240.000000 260.000000 280.000000 300.000000 320.000000 340.000000 400.000000 420.000000 440.000000 540.000000 
0.000000 1.903141 6.535719 2.176040 0.968526 0.162913 -0.510560 -0.584656 -0.655204 0.288423 -1.289477 -1.804361 -1.882822 1.903141 6.535719 2.176040 0.968526 0.162913 -0.510560 -0.584656 -0.655204 0.288423 -1.289477 -1.804361 -1.882822 1.903141 6.535719 2.176040 0.968526 0.162913 -0.510560 -0.584656 -0.655204 0.288423 -1.289477 -1.804361 -1.882822 1.903141 
0.000000 -540.000000 -520.000000 -500.000000 -480.000000 -460.000000 -440.000000 -420.000000 -400.000000 -380.000000 -320.000000 -300.000000 -280.000000 -180.000000 -160.000000 -140.000000 -120.000000 -100.000000 -80.000000 -60.000000 -40.000000 -20.000000 40.000000 60.000000 80.000000 180.000000 200.000000 220.000000 240.000000 260.000000 280.000000 300.000000 320.000000 340.000000 400.000000 420.000000 440.000000 540.000000 
0.000000 1.860908 6.396876 2.199035 1.002985 0.160078 -0.526553 -0.600325 -0.661896 0.290413 -1.366381 -1.742947 -1.816437 1.860908 6.396876 2.199035 1.002985 0.160078 -0.526553 -0.600325 -0.661896 0.290413 -1.366381 -1.742947 -1.816437 1.860908 6.396876 2.199035 1.002985 0.160078 -0.526553 -0.600325 -0.661896 0.290413 -1.366381 -1.742947 -1.816437 1.860908 
0.000000 -540.000000 -520.000000 -500.000000 -480.000000 -460.000000 -440.000000 -420.000000 -400.000000 -380.000000 -320.000000 -300.000000 -280.000000 -180.000000 -160.000000 -140.000000 -120.000000 -100.000000 -80.000000 -60.000000 -40.000000 -20.000000 40.000000 60.000000 80.000000 180.000000 200.000000 220.000000 240.000000 260.000000 280.000000 300.000000 320.000000 340.000000 400.000000 420.000000 440.000000 540.000000 
0.000000 1.878650 6.456931 2.197001 0.988488 0.161565 -0.519913 -0.593756 -0.658656 0.290082 -1.333722 -1.768137 -1.844112 1.878650 6.456931 2.197001 0.988488 0.161565 -0.519913 -0.593756 -0.658656 0.290082 -1.333722 -1.768137 -1.844112 1.878650 6.456931 2.197001 0.988488 0.161565 -0.519913 -0.593756 -0.658656 0.290082 -1.333722 -1.768137 -1.844112 1.878650 
0.000000 -540.000000 -520.000000 -500.000000 -480.000000 -460.000000 -440.000000 -420.000000 -400.000000 -380.000000 -320.000000 -300.000000 -280.000000 -180.000000 -160.000000 -140.000000 -120.000000 -100.000000 -80.000000 -60.000000 -40.000000 -20.000000 40.000000 60.000000 80.000000 180.000000 200.000000 220.000000 240.000000 260.000000 280.000000 300.000000 320.000000 340.000000 400.000000 420.000000 440.000000 540.000000 
0.000000 2.169900 2.844818 2.977401 2.658348 1.701191 0.751085 0.562473 0.809310 3.096912 -1.217206 -0.702763 -0.809932 2.169900 2.844818 2.977401 2.658348 1.701191 0.751085 0.562473 0.809310 3.096912 -1.217206 -0.702763 -0.809932 2.169900 2.844818 2.977401 2.658348 1.701191 0.751085 0.562473 0.809310 3.096912 -1.217206 -0.702763 -0.809932 2.169900 
0.000000 -540.000000 -520.000000 -500.000000 -480.000000 -460.000000 -440.000000 -420.000000 -400.000000 -380.000000 -320.000000 -300.000000 -280.000000 -180.000000 -160.000000 -140.000000 -120.000000 -100.000000 -80.000000 -60.000000 -40.000000 -20.000000 40.000000 60.000000 80.000000 180.000000 200.000000 220.000000 240.000000 260.000000 280.000000 300.000000 320.000000 340.000000 400.000000 420.000000 440.000000 540.000000 
0.000000 2.169349 2.845607 2.978484 2.659207 1.701517 0.751661 0.562574 0.808807 3.101457 -1.215486 -0.704670 -0.812460 2.169349 2.845607 2.978484 2.659207 1.701517 0.751661 0.562574 0.808807 3.101457 -1.215486 -0.704670 -0.812460 2.169349 2.845607 2.978484 2.659207 1.701517 0.751661 0.562574 0.808807 3.101457 -1.215486 -0.704670 -0.812460 2.169349 
0.000000 -540.000000 -520.000000 -500.000000 -480.000000 -460.000000 -440.000000 -420.000000 -400.000000 -380.000000 -320.000000 -300.000000 -280.000000 -180.000000 -160.000000 -140.000000 -120.000000 -100.000000 -80.000000 -60.000000 -40.000000 -20.000000 40.000000 60.000000 80.000000 180.000000 200.000000 220.000000 240.000000 260.000000 280.000000 300.000000 320.000000 340.000000 400.000000 420.000000 440.000000 540.000000 
0.000000 2.183800 2.820207 2.940009 2.622140 1.684879 0.733022 0.558422 0.814558 2.927723 -1.277258 -0.635291 -0.721831 2.183800 2.820207 2.940009 2.622140 1.684879 0.733022 0.558422 0.814558 2.927723 -1.277258 -0.635291 -0.721831 2.183800 2.820207 2.940009 2.622140 1.684879 0.733022 0.558422 0.814558 2.927723 -1.277258 -0.635291 -0.721831 2.183800 
0.000000 -540.000000 -520.000000 -500.000000 -480.000000 -460.000000 -440.000000 -420.000000 -400.000000 -380.000000 -320.000000 -300.000000 -280.000000 -180.000000 -160.000000 -140.000000 -120.000000 -100.000000 -80.000000 -60.000000 -40.000000 -20.000000 40.000000 60.000000 80.000000 180.000000 200.000000 220.000000 240.000000 260.000000 280.000000 300.000000 320.000000 340.000000 400.000000 420.000000 440.000000 540.000000 
0.000000 2.284511 2.974183 2.592897 2.015985 1.245127 0.573519 0.427860 0.367012 0.932131 -1.799189 0.004748 0.013663 2.284511 2.974183 2.592897 2.015985 1.245127 0.573519 0.427860 0.367012 0.932131 -1.799189 0.004748 0.013663 2.284511 2.974183 2.592897 2.015985 1.245127 0.573519 0.427860 0.367012 0.932131 -1.799189 0.004748 0.013663 2.284511 
0.000000 -540.000000 -520.000000 -500.000000 -480.000000 -460.000000 -440.000000 -420.000000 -400.000000 -380.000000 -320.000000 -300.000000 -280.000000 -180.000000 -160.000000 -140.000000 -120.000000 -100.000000 -80.000000 -60.000000 -40.000000 -20.000000 40.000000 60.000000 80.000000 180.000000 200.000000 220.000000 240.000000 260.000000 280.000000 300.000000 320.000000 340.000000 400.000000 420.000000 440.000000 540.000000 
0.000000 2.520821 2.967021 2.401055 1.815129 1.067551 0.485862 0.377265 0.309710 0.222804 -1.980341 0.009245 0.015583 2.520821 2.967021 2.401055 1.815129 1.067551 0.485862 0.377265 0.309710 0.222804 -1.980341 0.009245 0.015583 2.520821 2.967021 2.401055 1.815129 1.067551 0.485862 0.377265 0.309710 0.222804 -1.980341 0.009245 0.015583 2.520821 
0.000000 -540.000000 -520.000000 -500.000000 -480.000000 -460.000000 -440.000000 -420.000000 -400.000000 -380.000000 -320.000000 -300.000000 -280.000000 -180.000000 -160.000000 -140.000000 -120.000000 -100.000000 -80.000000 -60.000000 -40.000000 -20.000000 40.000000 60.000000 80.000000 180.000000 200.000000 220.000000 240.000000 260.000000 280.000000 300.000000 320.000000 340.000000 400.000000 420.000000 440.000000 540.000000 
0.000000 2.184549 2.810242 2.920360 2.596377 1.670322 0.723406 0.555869 0.806423 2.823517 -1.311045 -0.596567 -0.672377 2.184549 2.810242 2.920360 2.596377 1.670322 0.723406 0.555869 0.806423 2.823517 -1.311045 -0.596567 -0.672377 2.184549 2.810242 2.920360 2.596377 1.670322 0.723406 0.555869 0.806423 2.823517 -1.311045 -0.596567 -0.672377 2.184549 
0.000000 -540.000000 -520.000000 -500.000000 -480.000000 -460.000000 -440.000000 -420.000000 -400.000000 -380.000000 -320.000000 -300.000000 -280.000000 -180.000000 -160.000000 -140.000000 -120.000000 -100.000000 -80.000000 -60.000000 -40.000000 -20.000000 40.000000 60.000000 80.000000 180.000000 200.000000 220.000000 240.000000 260.000000 280.000000 300.000000 320.000000 340.000000 400.000000 420.000000 440.000000 540.000000 
0.000000 2.182556 2.805605 2.908606 2.578431 1.659246 0.717404 0.554144 0.797588 2.755252 -1.332183 -0.572064 -0.641479 2.182556 2.805605 2.908606 2.578431 1.659246 0.717404 0.554144 0.797588 2.755252 -1.332183 -0.572064 -0.641479 2.182556 2.805605 2.908606 2.578431 1.659246 0.717404 0.554144 0.797588 2.755252 -1.332183 -0.572064 -0.641479 2.182556 
0.000000 -540.000000 -520.000000 -500.000000 -480.000000 -460.000000 -440.000000 -420.000000 -400.000000 -380.000000 -320.000000 -300.000000 -280.000000 -180.000000 -160.000000 -140.000000 -120.000000 -100.000000 -80.000000 -60.000000 -40.000000 -20.000000 40.000000 60.000000 80.000000 180.000000 200.000000 220.000000 240.000000 260.000000 280.000000 300.000000 320.000000 340.000000 400.000000 420.000000 440.000000 540.000000 
0.000000 1.698384 5.707347 1.652693 1.080345 0.120650 -0.567269 -0.648700 -0.705325 0.240227 -1.691082 -1.597651 -1.629214 1.698384 5.707347 1.652693 1.080345 0.120650 -0.567269 -0.648700 -0.705325 0.240227 -1.691082 -1.597651 -1.629214 1.698384 5.707347 1.652693 1.080345 0.120650 -0.567269 -0.648700 -0.705325 0.240227 -1.691082 -1.597651 -1.629214 1.698384 
0.000000 -540.000000 -520.000000 -500.000000 -480.000000 -460.000000 -440.000000 -420.000000 -400.000000 -380.000000 -320.000000 -300.000000 -280.000000 -180.000000 -160.000000 -140.000000 -120.000000 -100.000000 -80.000000 -60.000000 -40.000000 -20.000000 40.000000 60.000000 80.000000 180.000000 200.000000 220.000000 240.000000 260.000000 280.000000 300.000000 320.000000 340.000000 400.000000 420.000000 440.000000 540.000000 
0.000000 2.473268 2.996469 2.445411 1.857153 1.111093 0.510051 0.380367 0.313593 0.380047 -1.938737 0.047271 0.055793 2.473268 2.996469 2.445411 1.857153 1.111093 0.510051 0.380367 0.313593 0.380047 -1.938737 0.047271 0.055793 2.473268 2.996469 2.445411 1.857153 1.111093 0.510051 0.380367 0.313593 0.380047 -1.938737 0.047271 0.055793 2.473268 
0.000000 -540.000000 -520.000000 -500.000000 -480.000000 -460.000000 -440.000000 -420.000000 -400.000000 -380.000000 -320.000000 -300.000000 -280.000000 -180.000000 -160.000000 -140.000000 -120.000000 -100.000000 -80.000000 -60.000000 -40.000000 -20.000000 40.000000 60.000000 80.000000 180.000000 200.000000 220.000000 240.000000 260.000000 280.000000 300.000000 320.000000 340.000000 400.000000 420.000000 440.000000 540.000000 
0.000000 2.173163 2.799600 2.883537 2.534118 1.629877 0.704081 0.549776 0.769112 2.596091 -1.379113 -0.516915 -0.573003 2.173163 2.799600 2.883537 2.534118 1.629877 0.704081 0.549776 0.769112 2.596091 -1.379113 -0.516915 -0.573003 2.173163 2.799600 2.883537 2.534118 1.629877 0.704081 0.549776 0.769112 2.596091 -1.379113 -0.516915 -0.573003 2.173163 
0.000000 -540.000000 -520.000000 -500.000000 -480.000000 -460.000000 -440.000000 -420.000000 -400.000000 -380.000000 -320.000000 -300.000000 -280.000000 -180.000000 -160.000000 -140.000000 -120.000000 -100.000000 -80.000000 -60.000000 -40.000000 -20.000000 40.000000 60.000000 80.000000 180.000000 200.000000 220.000000 240.000000 260.000000 280.000000 300.000000 320.000000 340.000000 400.000000 420.000000 440.000000 540.000000 
0.000000 1.342831 -0.099034 -0.124945 0.004703 0.079774 -0.293790 -1.200832 0.635977 -1.090935 -2.803320 -3.022650 -3.410110 1.342831 -0.099034 -0.124945 0.004703 0.079774 -0.293790 -1.200832 0.635977 -1.090935 -2.803320 -3.022650 -3.410110 1.342831 -0.099034 -0.124945 0.004703 0.079774 -0.293790 -1.200832 0.635977 -1.090935 -2.803320 -3.022650 -3.410110 1.342831 
0.000000 -540.000000 -520.000000 -500.000000 -480.000000 -460.000000 -440.000000 -420.000000 -400.000000 -380.000000 -320.000000 -300.000000 -280.000000 -180.000000 -160.000000 -140.000000 -120.000000 -100.000000 -80.000000 -60.000000 -40.000000 -20.000000 40.000000 60.000000 80.000000 180.000000 200.000000 220.000000 240.000000 260.000000 280.000000 300.000000 320.000000 340.000000 400.000000 420.000000 440.000000 540.000000 
0.000000 2.336248 2.993471 2.553526 1.970088 1.209421 0.558258 0.411156 0.346315 0.777639 -1.837509 0.036161 0.046038 2.336248 2.993471 2.553526 1.970088 1.209421 0.558258 0.411156 0.346315 0.777639 -1.837509 0.036161 0.046038 2.336248 2.993471 2.553526 1.970088 1.209421 0.558258 0.411156 0.346315 0.777639 -1.837509 0.036161 0.046038 2.336248 
0.000000 -540.000000 -520.000000 -500.000000 -480.000000 -460.000000 -440.000000 -420.000000 -400.000000 -380.000000 -320.000000 -300.000000 -280.000000 -180.000000 -160.000000 -140.000000 -120.000000 -100.000000 -80.000000 -60.000000 -40.000000 -20.000000 40.000000 60.000000 80.000000 180.000000 200.000000 220.000000 240.000000 260.000000 280.000000 300.000000 320.000000 340.000000 400.000000 420.000000 440.000000 540.000000 
0.000000 2.134204 2.857969 2.745525 2.241308 1.412849 0.632745 0.502492 0.518679 1.655882 -1.622486 -0.214583 -0.220872 2.134204 2.857969 2.745525 2.241308 1.412849 0.632745 0.502492 0.518679 1.655882 -1.622486 -0.214583 -0.220872 2.134204 2.857969 2.745525 2.241308 1.412849 0.632745 0.502492 0.518679 1.655882 -1.622486 -0.214583 -0.220872 2.134204 
0.000000 -540.000000 -520.000000 -500.000000 -480.000000 -460.000000 -440.000000 -420.000000 -400.000000 -380.000000 -320.000000 -300.000000 -280.000000 -180.000000 -160.000000 -140.000000 -120.000000 -100.000000 -80.000000 -60.000000 -40.000000 -20.000000 40.000000 60.000000 80.000000 180.000000 200.000000 220.000000 240.000000 260.000000 280.000000 300.000000 320.000000 340.000000 400.000000 420.000000 440.000000 540.000000 
0.000000 2.537079 2.407632 2.195519 1.643703 0.790906 0.301284 0.476129 0.378514 -0.482418 -2.189428 -0.742275 -0.757697 2.537079 2.407632 2.195519 1.643703 0.790906 0.301284 0.476129 0.378514 -0.482418 -2.189428 -0.742275 -0.757697 2.537079 2.407632 2.195519 1.643703 0.790906 0.301284 0.476129 0.378514 -0.482418 -2.189428 -0.742275 -0.757697 2.537079 
0.000000 -540.000000 -520.000000 -500.000000 -480.000000 -460.000000 -440.000000 -420.000000 -400.000000 -380.000000 -320.000000 -300.000000 -280.000000 -180.000000 -160.000000 -140.000000 -120.000000 -100.000000 -80.000000 -60.000000 -40.000000 -20.000000 40.000000 60.000000 80.000000 180.000000 200.000000 220.000000 240.000000 260.000000 280.000000 300.000000 320.000000 340.000000 400.000000 420.000000 440.000000 540.000000 
0.000000 2.339050 2.994288 2.551407 1.967702 1.207520 0.557413 0.410322 0.345345 0.769517 -1.839536 0.037494 0.047399 2.339050 2.994288 2.551407 1.967702 1.207520 0.557413 0.410322 0.345345 0.769517 -1.839536 0.037494 0.047399 2.339050 2.994288 2.551407 1.967702 1.207520 0.557413 0.410322 0.345345 0.769517 -1.839536 0.037494 0.047399 2.339050 
0.000000 -540.000000 -520.000000 -500.000000 -480.000000 -460.000000 -440.000000 -420.000000 -400.000000 -380.000000 -320.000000 -300.000000 -280.000000 -180.000000 -160.000000 -140.000000 -120.000000 -100.000000 -80.000000 -60.000000 -40.000000 -20.000000 40.000000 60.000000 80.000000 180.000000 200.000000 220.000000 240.000000 260.000000 280.000000 300.000000 320.000000 340.000000 400.000000 420.000000 440.000000 540.000000 
0.000000 2.460880 3.000339 2.455983 1.867500 1.121052 0.515347 0.382092 0.315342 0.417815 -1.928904 0.052069 0.060969 2.460880 3.000339 2.455983 1.867500 1.121052 0.515347 0.382092 0.315342 0.417815 -1.928904 0.052069 0.060969 2.460880 3.000339 2.455983 1.867500 1.121052 0.515347 0.382092 0.315342 0.417815 -1.928904 0.052069 0.060969 2.460880 
0.000000 -540.000000 -520.000000 -500.000000 -480.000000 -460.000000 -440.000000 -420.000000 -400.000000 -380.000000 -320.000000 -300.000000 -280.000000 -180.000000 -160.000000 -140.000000 -120.000000 -100.000000 -80.000000 -60.000000 -40.000000 -20.000000 40.000000 60.000000 80.000000 180.000000 200.000000 220.000000 240.000000 260.000000 280.000000 300.000000 320.000000 340.000000 400.000000 420.000000 440.000000 540.000000 
0.000000 2.225654 2.942807 2.639869 2.075436 1.289706 0.591034 0.450134 0.399262 1.127933 -1.751110 -0.047691 -0.041144 2.225654 2.942807 2.639869 2.075436 1.289706 0.591034 0.450134 0.399262 1.127933 -1.751110 -0.047691 -0.041144 2.225654 2.942807 2.639869 2.075436 1.289706 0.591034 0.450134 0.399262 1.127933 -1.751110 -0.047691 -0.041144 2.225654 
0.000000 -540.000000 -520.000000 -500.000000 -480.000000 -460.000000 -440.000000 -420.000000 -400.000000 -380.000000 -320.000000 -300.000000 -280.000000 -180.000000 -160.000000 -140.000000 -120.000000 -100.000000 -80.000000 -60.000000 -40.000000 -20.000000 40.000000 60.000000 80.000000 180.000000 200.000000 220.000000 240.000000 260.000000 280.000000 300.000000 320.000000 340.000000 400.000000 420.000000 440.000000 540.000000 
0.000000 2.131612 2.819597 2.801715 2.356893 1.500249 0.659719 0.526320 0.619278 2.017592 -1.532958 -0.328976 -0.349785 2.131612 2.819597 2.801715 2.356893 1.500249 0.659719 0.526320 0.619278 2.017592 -1.532958 -0.328976 -0.349785 2.131612 2.819597 2.801715 2.356893 1.500249 0.659719 0.526320 0.619278 2.017592 -1.532958 -0.328976 -0.349785 2.131612 
0.000000 -540.000000 -520.000000 -500.000000 -480.000000 -460.000000 -440.000000 -420.000000 -400.000000 -380.000000 -320.000000 -300.000000 -280.000000 -180.000000 -160.000000 -140.000000 -120.000000 -100.000000 -80.000000 -60.000000 -40.000000 -20.000000 40.000000 60.000000 80.000000 180.000000 200.000000 220.000000 240.000000 260.000000 280.000000 300.000000 320.000000 340.000000 400.000000 420.000000 440.000000 540.000000 
0.000000 2.148214 2.803236 2.839583 2.441571 1.563566 0.679920 0.539068 0.694274 2.287178 -1.463636 -0.415010 -0.450116 2.148214 2.803236 2.839583 2.441571 1.563566 0.679920 0.539068 0.694274 2.287178 -1.463636 -0.415010 -0.450116 2.148214 2.803236 2.839583 2.441571 1.563566 0.679920 0.539068 0.694274 2.287178 -1.463636 -0.415010 -0.450116 2.148214 
0.000000 -540.000000 -520.000000 -500.000000 -480.000000 -460.000000 -440.000000 -420.000000 -400.000000 -380.000000 -320.000000 -300.000000 -280.000000 -180.000000 -160.000000 -140.000000 -120.000000 -100.000000 -80.000000 -60.000000 -40.000000 -20.000000 40.000000 60.000000 80.000000 180.000000 200.000000 220.000000 240.000000 260.000000 280.000000 300.000000 320.000000 340.000000 400.000000 420.000000 440.000000 540.000000 
0.000000 1.574383 4.944999 0.985951 0.953742 0.035841 -0.549364 -0.665130 -0.654911 0.121478 -1.974840 -1.723200 -1.722776 1.574383 4.944999 0.985951 0.953742 0.035841 -0.549364 -0.665130 -0.654911 0.121478 -1.974840 -1.723200 -1.722776 1.574383 4.944999 0.985951 0.953742 0.035841 -0.549364 -0.665130 -0.654911 0.121478 -1.974840 -1.723200 -1.722776 1.574383 
0.000000 -540.000000 -520.000000 -500.000000 -480.000000 -460.000000 -440.000000 -420.000000 -400.000000 -380.000000 -320.000000 -300.000000 -280.000000 -180.000000 -160.000000 -140.000000 -120.000000 -100.000000 -80.000000 -60.000000 -40.000000 -20.000000 40.000000 60.000000 80.000000 180.000000 200.000000 220.000000 240.000000 260.000000 280.000000 300.000000 320.000000 340.000000 400.000000 420.000000 440.000000 540.000000 
0.000000 2.207022 2.930568 2.655894 2.097195 1.305778 0.596972 0.458118 0.412520 1.198568 -1.733856 -0.068914 -0.063535 2.207022 2.930568 2.655894 2.097195 1.305778 0.596972 0.458118 0.412520 1.198568 -1.733856 -0.068914 -0.063535 2.207022 2.930568 2.655894 2.097195 1.305778 0.596972 0.458118 0.412520 1.198568 -1.733856 -0.068914 -0.063535 2.207022 
0.000000 -540.000000 -520.000000 -500.000000 -480.000000 -460.000000 -440.000000 -420.000000 -400.000000 -380.000000 -320.000000 -300.000000 -280.000000 -180.000000 -160.000000 -140.000000 -120.000000 -100.000000 -80.000000 -60.000000 -40.000000 -20.000000 40.000000 60.000000 80.000000 180.000000 200.000000 220.000000 240.000000 260.000000 280.000000 300.000000 320.000000 340.000000 400.000000 420.000000 440.000000 540.000000 
0.000000 1.362669 2.389519 0.894883 -0.002324 -0.421027 -0.644789 -0.760740 0.057888 -0.397267 -2.583313 -2.737778 -2.786446 1.362669 2.389519 0.894883 -0.002324 -0.421027 -0.644789 -0.760740 0.057888 -0.397267 -2.583313 -2.737778 -2.786446 1.362669 2.389519 0.894883 -0.002324 -0.421027 -0.644789 -0.760740 0.057888 -0.397267 -2.583313 -2.737778 -2.786446 1.362669 
0.000000 -540.000000 -520.000000 -500.000000 -480.000000 -460.000000 -440.000000 -420.000000 -400.000000 -380.000000 -320.000000 -300.000000 -280.000000 -180.000000 -160.000000 -140.000000 -120.000000 -100.000000 -80.000000 -60.000000 -40.000000 -20.000000 40.000000 60.000000 80.000000 180.000000 200.000000 220.000000 240.000000 260.000000 280.000000 300.000000 320.000000 340.000000 400.000000 420.000000 440.000000 540.000000 
0.000000 1.579881 4.984968 1.007026 0.965996 0.041259 -0.551714 -0.664914 -0.661555 0.128598 -1.961465 -1.709609 -1.709945 1.579881 4.984968 1.007026 0.965996 0.041259 -0.551714 -0.664914 -0.661555 0.128598 -1.961465 -1.709609 -1.709945 1.579881 4.984968 1.007026 0.965996 0.041259 -0.551714 -0.664914 -0.661555 0.128598 -1.961465 -1.709609 -1.709945 1.579881 
0.000000 -540.000000 -520.000000 -500.000000 -480.000000 -460.000000 -440.000000 -420.000000 -400.000000 -380.000000 -320.000000 -300.000000 -280.000000 -180.000000 -160.000000 -140.000000 -120.000000 -100.000000 -80.000000 -60.000000 -40.000000 -20.000000 40.000000 60.000000 80.000000 180.000000 200.000000 220.000000 240.000000 260.000000 280.000000 300.000000 320.000000 340.000000 400.000000 420.000000 440.000000 540.000000 
0.000000 1.707470 5.753702 1.703244 1.080747 0.124483 -0.566393 -0.646689 -0.703913 0.245883 -1.671624 -1.599415 -1.633836 1.707470 5.753702 1.703244 1.080747 0.124483 -0.566393 -0.646689 -0.703913 0.245883 -1.671624 -1.599415 -1.633836 1.707470 5.753702 1.703244 1.080747 0.124483 -0.566393 -0.646689 -0.703913 0.245883 -1.671624 -1.599415 -1.633836 1.707470 
0.000000 -540.000000 -520.000000 -500.000000 -480.000000 -460.000000 -440.000000 -420.000000 -400.000000 -380.000000 -320.000000 -300.000000 -280.000000 -180.000000 -160.000000 -140.000000 -120.000000 -100.000000 -80.000000 -60.000000 -40.000000 -20.000000 40.000000 60.000000 80.000000 180.000000 200.000000 220.000000 240.000000 260.000000 280.000000 300.000000 320.000000 340.000000 400.000000 420.000000 440.000000 540.000000 
0.000000 1.949452 6.672493 2.092332 0.933987 0.163311 -0.493207 -0.568274 -0.651351 0.282979 -1.208399 -1.875899 -1.955802 1.949452 6.672493 2.092332 0.933987 0.163311 -0.493207 -0.568274 -0.651351 0.282979 -1.208399 -1.875899 -1.955802 1.949452 6.672493 2.092332 0.933987 0.163311 -0.493207 -0.568274 -0.651351 0.282979 -1.208399 -1.875899 -1.955802 1.949452 
0.000000 -540.000000 -520.000000 -500.000000 -480.000000 -460.000000 -440.000000 -420.000000 -400.000000 -380.000000 -320.000000 -300.000000 -280.000000 -180.000000 -160.000000 -140.000000 -120.000000 -100.000000 -80.000000 -60.000000 -40.000000 -20.000000 40.000000 60.000000 80.000000 180.000000 200.000000 220.000000 240.000000 260.000000 280.000000 300.000000 320.000000 340.000000 400.000000 420.000000 440.000000 540.000000 
0.000000 1.933336 6.626641 2.126861 0.945272 0.163484 -0.499119 -0.573775 -0.652342 0.285089 -1.236235 -1.850685 -1.930593 1.933336 6.626641 2.126861 0.945272 0.163484 -0.499119 -0.573775 -0.652342 0.285089 -1.236235 -1.850685 -1.930593 1.933336 6.626641 2.126861 0.945272 0.163484 -0.499119 -0.573775 -0.652342 0.285089 -1.236235 -1.850685 -1.930593 1.933336 
0.000000 -540.000000 -520.000000 -500.000000 -480.000000 -460.000000 -440.000000 -420.000000 -400.000000 -380.000000 -320.000000 -300.000000 -280.000000 -180.000000 -160.000000 -140.000000 -120.000000 -100.000000 -80.000000 -60.000000 -40.000000 -20.000000 40.000000 60.000000 80.000000 180.000000 200.000000 220.000000 240.000000 260.000000 280.000000 300.000000 320.000000 340.000000 400.000000 420.000000 440.000000 540.000000 
0.000000 1.437362 3.636933 0.909195 0.402554 -0.182452 -0.489112 -0.674939 -0.293189 -0.136694 -2.340480 -2.338723 -2.353125 1.437362 3.636933 0.909195 0.402554 -0.182452 -0.489112 -0.674939 -0.293189 -0.136694 -2.340480 -2.338723 -2.353125 1.437362 3.636933 0.909195 0.402554 -0.182452 -0.489112 -0.674939 -0.293189 -0.136694 -2.340480 -2.338723 -2.353125 1.437362 
0.000000 -540.000000 -520.000000 -500.000000 -480.000000 -460.000000 -440.000000 -420.000000 -400.000000 -380.000000 -320.000000 -300.000000 -280.000000 -180.000000 -160.000000 -140.000000 -120.000000 -100.000000 -80.000000 -60.000000 -40.000000 -20.000000 40.000000 60.000000 80.000000 180.000000 200.000000 220.000000 240.000000 260.000000 280.000000 300.000000 320.000000 340.000000 400.000000 420.000000 440.000000 540.000000 
0.000000 1.857387 2.166650 0.757044 0.340579 -0.540145 -0.865712 -1.502456 0.713711 -1.392480 -2.611574 -2.764506 -2.725012 1.857387 2.166650 0.757044 0.340579 -0.540145 -0.865712 -1.502456 0.713711 -1.392480 -2.611574 -2.764506 -2.725012 1.857387 2.166650 0.757044 0.340579 -0.540145 -0.865712 -1.502456 0.713711 -1.392480 -2.611574 -2.764506 -2.725012 1.857387 
0.000000 -540.000000 -520.000000 -500.000000 -480.000000 -460.000000 -440.000000 -420.000000 -400.000000 -380.000000 -320.000000 -300.000000 -280.000000 -180.000000 -160.000000 -140.000000 -120.000000 -100.000000 -80.000000 -60.000000 -40.000000 -20.000000 40.000000 60.000000 80.000000 180.000000 200.000000 220.000000 240.000000 260.000000 280.000000 300.000000 320.000000 340.000000 400.000000 420.000000 440.000000 540.000000 
0.000000 1.624278 5.284333 1.223727 1.038057 0.078508 -0.564527 -0.661250 -0.696361 0.179295 -1.856330 -1.632051 -1.641649 1.624278 5.284333 1.223727 1.038057 0.078508 -0.564527 -0.661250 -0.696361 0.179295 -1.856330 -1.632051 -1.641649 1.624278 5.284333 1.223727 1.038057 0.078508 -0.564527 -0.661250 -0.696361 0.179295 -1.856330 -1.632051 -1.641649 1.624278 
0.000000 -540.000000 -520.000000 -500.000000 -480.000000 -460.000000 -440.000000 -420.000000 -400.000000 -380.000000 -320.000000 -300.000000 -280.000000 -180.000000 -160.000000 -140.000000 -120.000000 -100.000000 -80.000000 -60.000000 -40.000000 -20.000000 40.000000 60.000000 80.000000 180.000000 200.000000 220.000000 240.000000 260.000000 280.000000 300.000000 320.000000 340.000000 400.000000 420.000000 440.000000 540.000000 
0.000000 1.872253 6.435572 2.199122 0.993737 0.161079 -0.522328 -0.596134 -0.659748 0.290298 -1.345438 -1.758940 -1.834083 1.872253 6.435572 2.199122 0.993737 0.161079 -0.522328 -0.596134 -0.659748 0.290298 -1.345438 -1.758940 -1.834083 1.872253 6.435572 2.199122 0.993737 0.161079 -0.522328 -0.596134 -0.659748 0.290298 -1.345438 -1.758940 -1.834083 1.872253 
0.000000 -540.000000 -520.000000 -500.000000 -480.000000 -460.000000 -440.000000 -420.000000 -400.000000 -380.000000 -320.000000 -300.000000 -280.000000 -180.000000 -160.000000 -140.000000 -120.000000 -100.000000 -80.000000 -60.000000 -40.000000 -20.000000 40.000000 60.000000 80.000000 180.000000 200.000000 220.000000 240.000000 260.000000 280.000000 300.000000 320.000000 340.000000 400.000000 420.000000 440.000000 540.000000 
0.000000 1.502014 4.343607 0.853369 0.717561 -0.056246 -0.507980 -0.665420 -0.511100 0.007326 -2.159257 -1.989347 -1.988716 1.502014 4.343607 0.853369 0.717561 -0.056246 -0.507980 -0.665420 -0.511100 0.007326 -2.159257 -1.989347 -1.988716 1.502014 4.343607 0.853369 0.717561 -0.056246 -0.507980 -0.665420 -0.511100 0.007326 -2.159257 -1.989347 -1.988716 1.502014 
0.000000 -540.000000 -520.000000 -500.000000 -480.000000 -460.000000 -440.000000 -420.000000 -400.000000 -380.000000 -320.000000 -300.000000 -280.000000 -180.000000 -160.000000 -140.000000 -120.000000 -100.000000 -80.000000 -60.000000 -40.000000 -20.000000 40.000000 60.000000 80.000000 180.000000 200.000000 220.000000 240.000000 260.000000 280.000000 300.000000 320.000000 340.000000 400.000000 420.000000 440.000000 540.000000 
0.000000 2.582793 2.755755 2.291392 1.719945 0.936723 0.404483 0.413030 0.328148 -0.168836 -2.090640 -0.267125 -0.271113 2.582793 2.755755 2.291392 1.719945 0.936723 0.404483 0.413030 0.328148 -0.168836 -2.090640 -0.267125 -0.271113 2.582793 2.755755 2.291392 1.719945 0.936723 0.404483 0.413030 0.328148 -0.168836 -2.090640 -0.267125 -0.271113 2.582793 
0.000000 -540.000000 -520.000000 -500.000000 -480.000000 -460.000000 -440.000000 -420.000000 -400.000000 -380.000000 -320.000000 -300.000000 -280.000000 -180.000000 -160.000000 -140.000000 -120.000000 -100.000000 -80.000000 -60.000000 -40.000000 -20.000000 40.000000 60.000000 80.000000 180.000000 200.000000 220.000000 240.000000 260.000000 280.000000 300.000000 320.000000 340.000000 400.000000 420.000000 440.000000 540.000000 
0.000000 2.555050 2.494537 2.218870 1.662164 0.827079 0.327991 0.464084 0.364673 -0.414347 -2.166994 -0.619433 -0.632543 2.555050 2.494537 2.218870 1.662164 0.827079 0.327991 0.464084 0.364673 -0.414347 -2.166994 -0.619433 -0.632543 2.555050 2.494537 2.218870 1.662164 0.827079 0.327991 0.464084 0.364673 -0.414347 -2.166994 -0.619433 -0.632543 2.555050 
0.000000 -540.000000 -520.000000 -500.000000 -480.000000 -460.000000 -440.000000 -420.000000 -400.000000 -380.000000 -320.000000 -300.000000 -280.000000 -180.000000 -160.000000 -140.000000 -120.000000 -100.000000 -80.000000 -60.000000 -40.000000 -20.000000 40.000000 60.000000 80.000000 180.000000 200.000000 220.000000 240.000000 260.000000 280.000000 300.000000 320.000000 340.000000 400.000000 420.000000 440.000000 540.000000 
0.000000 2.128929 2.842412 2.766384 2.282042 1.443623 0.642290 0.511889 0.553262 1.783204 -1.591267 -0.254894 -0.265736 2.128929 2.842412 2.766384 2.282042 1.443623 0.642290 0.511889 0.553262 1.783204 -1.591267 -0.254894 -0.265736 2.128929 2.842412 2.766384 2.282042 1.443623 0.642290 0.511889 0.553262 1.783204 -1.591267 -0.254894 -0.265736 2.128929 
0.000000 -540.000000 -520.000000 -500.000000 -480.000000 -460.000000 -440.000000 -420.000000 -400.000000 -380.000000 -320.000000 -300.000000 -280.000000 -180.000000 -160.000000 -140.000000 -120.000000 -100.000000 -80.000000 -60.000000 -40.000000 -20.000000 40.000000 60.000000 80.000000 180.000000 200.000000 220.000000 240.000000 260.000000 280.000000 300.000000 320.000000 340.000000 400.000000 420.000000 440.000000 540.000000 
0.000000 2.183449 2.821286 2.941885 2.624323 1.686013 0.733911 0.558649 0.814908 2.937014 -1.274141 -0.638836 -0.726398 2.183449 2.821286 2.941885 2.624323 1.686013 0.733911 0.558649 0.814908 2.937014 -1.274141 -0.638836 -0.726398 2.183449 2.821286 2.941885 2.624323 1.686013 0.733911 0.558649 0.814908 2.937014 -1.274141 -0.638836 -0.726398 2.183449 
0.000000 -540.000000 -520.000000 -500.000000 -480.000000 -460.000000 -440.000000 -420.000000 -400.000000 -380.000000 -320.000000 -300.000000 -280.000000 -180.000000 -160.000000 -140.000000 -120.000000 -100.000000 -80.000000 -60.000000 -40.000000 -20.000000 40.000000 60.000000 80.000000 180.000000 200.000000 220.000000 240.000000 260.000000 280.000000 300.000000 320.000000 340.000000 400.000000 420.000000 440.000000 540.000000 
0.000000 2.149436 2.880694 2.716978 2.190239 1.374530 0.620546 0.488856 0.477654 1.495536 -1.661564 -0.163477 -0.164853 2.149436 2.880694 2.716978 2.190239 1.374530 0.620546 0.488856 0.477654 1.495536 -1.661564 -0.163477 -0.164853 2.149436 2.880694 2.716978 2.190239 1.374530 0.620546 0.488856 0.477654 1.495536 -1.661564 -0.163477 -0.164853 2.149436 
0.000000 -540.000000 -520.000000 -500.000000 -480.000000 -460.000000 -440.000000 -420.000000 -400.000000 -380.000000 -320.000000 -300.000000 -280.000000 -180.000000 -160.000000 -140.000000 -120.000000 -100.000000 -80.000000 -60.000000 -40.000000 -20.000000 40.000000 60.000000 80.000000 180.000000 200.000000 220.000000 240.000000 260.000000 280.000000 300.000000 320.000000 340.000000 400.000000 420.000000 440.000000 540.000000 
0.000000 2.252059 2.958160 2.618304 2.047414 1.268856 0.583042 0.439656 0.383323 1.036186 -1.773584 -0.021735 -0.013919 2.252059 2.958160 2.618304 2.047414 1.268856 0.583042 0.439656 0.383323 1.036186 -1.773584 -0.021735 -0.013919 2.252059 2.958160 2.618304 2.047414 1.268856 0.583042 0.439656 0.383323 1.036186 -1.773584 -0.021735 -0.013919 2.252059 
0.000000 -540.000000 -520.000000 -500.000000 -480.000000 -460.000000 -440.000000 -420.000000 -400.000000 -380.000000 -320.000000 -300.000000 -280.000000 -180.000000 -160.000000 -140.000000 -120.000000 -100.000000 -80.000000 -60.000000 -40.000000 -20.000000 40.000000 60.000000 80.000000 180.000000 200.000000 220.000000 240.000000 260.000000 280.000000 300.000000 320.000000 340.000000 400.000000 420.000000 440.000000 540.000000 
0.000000 2.162377 2.894499 2.700208 2.162731 1.354088 0.613807 0.480523 0.456992 1.408513 -1.682731 -0.135500 -0.134584 2.162377 2.894499 2.700208 2.162731 1.354088 0.613807 0.480523 0.456992 1.408513 -1.682731 -0.135500 -0.134584 2.162377 2.894499 2.700208 2.162731 1.354088 0.613807 0.480523 0.456992 1.408513 -1.682731 -0.135500 -0.134584 2.162377 
0.000000 -540.000000 -520.000000 -500.000000 -480.000000 -460.000000 -440.000000 -420.000000 -400.000000 -380.000000 -320.000000 -300.000000 -280.000000 -180.000000 -160.000000 -140.000000 -120.000000 -100.000000 -80.000000 -60.000000 -40.000000 -20.000000 40.000000 60.000000 80.000000 180.000000 200.000000 220.000000 240.000000 260.000000 280.000000 300.000000 320.000000 340.000000 400.000000 420.000000 440.000000 540.000000 
0.000000 1.540829 4.685007 0.892337 0.861236 -0.001734 -0.531670 -0.665498 -0.601328 0.073559 -2.058314 -1.827052 -1.824265 1.540829 4.685007 0.892337 0.861236 -0.001734 -0.531670 -0.665498 -0.601328 0.073559 -2.058314 -1.827052 -1.824265 1.540829 4.685007 0.892337 0.861236 -0.001734 -0.531670 -0.665498 -0.601328 0.073559 -2.058314 -1.827052 -1.824265 1.540829 
0.000000 -540.000000 -520.000000 -500.000000 -480.000000 -460.000000 -440.000000 -420.000000 -400.000000 -380.000000 -320.000000 -300.000000 -280.000000 -180.000000 -160.000000 -140.000000 -120.000000 -100.000000 -80.000000 -60.000000 -40.000000 -20.000000 40.000000 60.000000 80.000000 180.000000 200.000000 220.000000 240.000000 260.000000 280.000000 300.000000 320.000000 340.000000 400.000000 420.000000 440.000000 540.000000 
0.000000 2.292916 2.977844 2.586439 2.008238 1.239201 0.571065 0.424977 0.363253 0.906277 -1.805574 0.010732 0.019863 2.292916 2.977844 2.586439 2.008238 1.239201 0.571065 0.424977 0.363253 0.906277 -1.805574 0.010732 0.019863 2.292916 2.977844 2.586439 2.008238 1.239201 0.571065 0.424977 0.363253 0.906277 -1.805574 0.010732 0.019863 2.292916 
0.000000 -540.000000 -520.000000 -500.000000 -480.000000 -460.000000 -440.000000 -420.000000 -400.000000 -380.000000 -320.000000 -300.000000 -280.000000 -180.000000 -160.000000 -140.000000 -120.000000 -100.000000 -80.000000 -60.000000 -40.000000 -20.000000 40.000000 60.000000 80.000000 180.000000 200.000000 220.000000 240.000000 260.000000 280.000000 300.000000 320.000000 340.000000 400.000000 420.000000 440.000000 540.000000 
0.000000 1.329039 1.383782 0.642600 -0.138174 -0.501813 -0.790927 -0.887180 0.285333 -0.617469 -2.720366 -2.862792 -2.958416 1.329039 1.383782 0.642600 -0.138174 -0.501813 -0.790927 -0.887180 0.285333 -0.617469 -2.720366 -2.862792 -2.958416 1.329039 1.383782 0.642600 -0.138174 -0.501813 -0.790927 -0.887180 0.285333 -0.617469 -2.720366 -2.862792 -2.958416 1.329039 
0.000000 -540.000000 -520.000000 -500.000000 -480.000000 -460.000000 -440.000000 -420.000000 -400.000000 -380.000000 -320.000000 -300.000000 -280.000000 -180.000000 -160.000000 -140.000000 -120.000000 -100.000000 -80.000000 -60.000000 -40.000000 -20.000000 40.000000 60.000000 80.000000 180.000000 200.000000 220.000000 240.000000 260.000000 280.000000 300.000000 320.000000 340.000000 400.000000 420.000000 440.000000 540.000000 
0.000000 1.723250 5.831684 1.787618 1.079553 0.130566 -0.564362 -0.642976 -0.700681 0.254834 -1.638224 -1.604911 -1.644265 1.723250 5.831684 1.787618 1.079553 0.130566 -0.564362 -0.642976 -0.700681 0.254834 -1.638224 -1.604911 -1.644265 1.723250 5.831684 1.787618 1.079553 0.130566 -0.564362 -0.642976 -0.700681 0.254834 -1.638224 -1.604911 -1.644265 1.723250 
0.000000 -540.000000 -520.000000 -500.000000 -480.000000 -460.000000 -440.000000 -420.000000 -400.000000 -380.000000 -320.000000 -300.000000 -280.000000 -180.000000 -160.000000 -140.000000 -120.000000 -100.000000 -80.000000 -60.000000 -40.000000 -20.000000 40.000000 60.000000 80.000000 180.000000 200.000000 220.000000 240.000000 260.000000 280.000000 300.000000 320.000000 340.000000 400.000000 420.000000 440.000000 540.000000 
0.000000 1.989247 6.778190 1.989697 0.911137 0.161501 -0.479694 -0.556107 -0.650200 0.277602 -1.141360 -1.938768 -2.016206 1.989247 6.778190 1.989697 0.911137 0.161501 -0.479694 -0.556107 -0.650200 0.277602 -1.141360 -1.938768 -2.016206 1.989247 6.778190 1.989697 0.911137 0.161501 -0.479694 -0.556107 -0.650200 0.277602 -1.141360 -1.938768 -2.016206 1.989247 
0.000000 -540.000000 -520.000000 -500.000000 -480.000000 -460.000000 -440.000000 -420.000000 -400.000000 -380.000000 -320.000000 -300.000000 -280.000000 -180.000000 -160.000000 -140.000000 -120.000000 -100.000000 -80.000000 -60.000000 -40.000000 -20.000000 40.000000 60.000000 80.000000 180.000000 200.000000 220.000000 240.000000 260.000000 280.000000 300.000000 320.000000 340.000000 400.000000 420.000000 440.000000 540.000000 
0.000000 1.866347 6.415560 2.199711 0.998566 0.160580 -0.524538 -0.598322 -0.660831 0.290403 -1.356314 -1.750561 -1.824871 1.866347 6.415560 2.199711 0.998566 0.160580 -0.524538 -0.598322 -0.660831 0.290403 -1.356314 -1.750561 -1.824871 1.866347 6.415560 2.199711 0.998566 0.160580 -0.524538 -0.598322 -0.660831 0.290403 -1.356314 -1.750561 -1.824871 1.866347 
0.000000 -540.000000 -520.000000 -500.000000 -480.000000 -460.000000 -440.000000 -420.000000 -400.000000 -380.000000 -320.000000 -300.000000 -280.000000 -180.000000 -160.000000 -140.000000 -120.000000 -100.000000 -80.000000 -60.000000 -40.000000 -20.000000 40.000000 60.000000 80.000000 180.000000 200.000000 220.000000 240.000000 260.000000 280.000000 300.000000 320.000000 340.000000 400.000000 420.000000 440.000000 540.000000 
0.000000 1.845477 6.342514 2.190282 1.015269 0.158427 -0.532131 -0.605919 -0.665282 0.289934 -1.395208 -1.721935 -1.792826 1.845477 6.342514 2.190282 1.015269 0.158427 -0.532131 -0.605919 -0.665282 0.289934 -1.395208 -1.721935 -1.792826 1.845477 6.342514 2.190282 1.015269 0.158427 -0.532131 -0.605919 -0.665282 0.289934 -1.395208 -1.721935 -1.792826 1.845477 
0.000000 -540.000000 -520.000000 -500.000000 -480.000000 -460.000000 -440.000000 -420.000000 -400.000000 -380.000000 -320.000000 -300.000000 -280.000000 -180.000000 -160.000000 -140.000000 -120.000000 -100.000000 -80.000000 -60.000000 -40.000000 -20.000000 40.000000 60.000000 80.000000 180.000000 200.000000 220.000000 240.000000 260.000000 280.000000 300.000000 320.000000 340.000000 400.000000 420.000000 440.000000 540.000000 
0.000000 1.877358 6.452643 2.197550 0.989549 0.161471 -0.520402 -0.594237 -0.658870 0.290134 -1.336083 -1.766269 -1.842082 1.877358 6.452643 2.197550 0.989549 0.161471 -0.520402 -0.594237 -0.658870 0.290134 -1.336083 -1.766269 -1.842082 1.877358 6.452643 2.197550 0.989549 0.161471 -0.520402 -0.594237 -0.658870 0.290134 -1.336083 -1.766269 -1.842082 1.877358 
0.000000 -540.000000 -520.000000 -500.000000 -480.000000 -460.000000 -440.000000 -420.000000 -400.000000 -380.000000 -320.000000 -300.000000 -280.000000 -180.000000 -160.000000 -140.000000 -120.000000 -100.000000 -80.000000 -60.000000 -40.000000 -20.000000 40.000000 60.000000 80.000000 180.000000 200.000000 220.000000 240.000000 260.000000 280.000000 300.000000 320.000000 340.000000 400.000000 420.000000 440.000000 540.000000 
0.000000 1.883316 6.472302 2.194528 0.984657 0.161884 -0.518141 -0.592018 -0.657911 0.289862 -1.325218 -1.774920 -1.851455 1.883316 6.472302 2.194528 0.984657 0.161884 -0.518141 -0.592018 -0.657911 0.289862 -1.325218 -1.774920 -1.851455 1.883316 6.472302 2.194528 0.984657 0.161884 -0.518141 -0.592018 -0.657911 0.289862 -1.325218 -1.774920 -1.851455 1.883316 
0.000000 -540.000000 -520.000000 -500.000000 -480.000000 -460.000000 -440.000000 -420.000000 -400.000000 -380.000000 -320.000000 -300.000000 -280.000000 -180.000000 -160.000000 -140.000000 -120.000000 -100.000000 -80.000000 -60.000000 -40.000000 -20.000000 40.000000 60.000000 80.000000 180.000000 200.000000 220.000000 240.000000 260.000000 280.000000 300.000000 320.000000 340.000000 400.000000 420.000000 440.000000 540.000000 
0.000000 1.803547 6.184164 2.113693 1.045370 0.152113 -0.545880 -0.620159 -0.676917 0.284359 -1.475572 -1.670285 -1.732271 1.803547 6.184164 2.113693 1.045370 0.152113 -0.545880 -0.620159 -0.676917 0.284359 -1.475572 -1.670285 -1.732271 1.803547 6.184164 2.113693 1.045370 0.152113 -0.545880 -0.620159 -0.676917 0.284359 -1.475572 -1.670285 -1.732271 1.803547 
0.000000 -540.000000 -520.000000 -500.000000 -480.000000 -460.000000 -440.000000 -420.000000 -400.000000 -380.000000 -320.000000 -300.000000 -280.000000 -180.000000 -160.000000 -140.000000 -120.000000 -100.000000 -80.000000 -60.000000 -40.000000 -20.000000 40.000000 60.000000 80.000000 180.000000 200.000000 220.000000 240.000000 260.000000 280.000000 300.000000 320.000000 340.000000 400.000000 420.000000 440.000000 540.000000 
0.000000 1.779318 6.085049 2.037288 1.059665 0.147070 -0.552693 -0.627693 -0.684524 0.278152 -1.523407 -1.645078 -1.700863 1.779318 6.085049 2.037288 1.059665 0.147070 -0.552693 -0.627693 -0.684524 0.278152 -1.523407 -1.645078 -1.700863 1.779318 6.085049 2.037288 1.059665 0.147070 -0.552693 -0.627693 -0.684524 0.278152 -1.523407 -1.645078 -1.700863 1.779318 
0.000000 -540.000000 -520.000000 -500.000000 -480.000000 -460.000000 -440.000000 -420.000000 -400.000000 -380.000000 -320.000000 -300.000000 -280.000000 -180.000000 -160.000000 -140.000000 -120.000000 -100.000000 -80.000000 -60.000000 -40.000000 -20.000000 40.000000 60.000000 80.000000 180.000000 200.000000 220.000000 240.000000 260.000000 280.000000 300.000000 320.000000 340.000000 400.000000 420.000000 440.000000 540.000000 
0.000000 1.742844 5.924277 1.884843 1.075104 0.137185 -0.561018 -0.637995 -0.695623 0.264455 -1.597426 -1.615599 -1.660945 1.742844 5.924277 1.884843 1.075104 0.137185 -0.561018 -0.637995 -0.695623 0.264455 -1.597426 -1.615599 -1.660945 1.742844 5.924277 1.884843 1.075104 0.137185 -0.561018 -0.637995 -0.695623 0.264455 -1.597426 -1.615599 -1.660945 1.742844 
0.000000 -540.000000 -520.000000 -500.000000 -480.000000 -460.000000 -440.000000 -420.000000 -400.000000 -380.000000 -320.000000 -300.000000 -280.000000 -180.000000 -160.000000 -140.000000 -120.000000 -100.000000 -80.000000 -60.000000 -40.000000 -20.000000 40.000000 60.000000 80.000000 180.000000 200.000000 220.000000 240.000000 260.000000 280.000000 300.000000 320.000000 340.000000 400.000000 420.000000 440.000000 540.000000 
0.000000 1.977024 6.746831 2.023333 0.917279 0.162263 -0.483645 -0.559594 -0.650379 0.279221 -1.161698 -1.919424 -1.998002 1.977024 6.746831 2.023333 0.917279 0.162263 -0.483645 -0.559594 -0.650379 0.279221 -1.161698 -1.919424 -1.998002 1.977024 6.746831 2.023333 0.917279 0.162263 -0.483645 -0.559594 -0.650379 0.279221 -1.161698 -1.919424 -1.998002 1.977024 
0.000000 -540.000000 -520.000000 -500.000000 -480.000000 -460.000000 -440.000000 -420.000000 -400.000000 -380.000000 -320.000000 -300.000000 -280.000000 -180.000000 -160.000000 -140.000000 -120.000000 -100.000000 -80.000000 -60.000000 -40.000000 -20.000000 40.000000 60.000000 80.000000 180.000000 200.000000 220.000000 240.000000 260.000000 280.000000 300.000000 320.000000 340.000000 400.000000 420.000000 440.000000 540.000000 
0.000000 1.465031 3.965488 0.872662 0.547351 -0.121927 -0.490489 -0.668030 -0.396728 -0.068946 -2.260602 -2.179943 -2.186205 1.465031 3.965488 0.872662 0.547351 -0.121927 -0.490489 -0.668030 -0.396728 -0.068946 -2.260602 -2.179943 -2.186205 1.465031 3.965488 0.872662 0.547351 -0.121927 -0.490489 -0.668030 -0.396728 -0.068946 -2.260602 -2.179943 -2.186205 1.465031 
0.000000 -540.000000 -520.000000 -500.000000 -480.000000 -460.000000 -440.000000 -420.000000 -400.000000 -380.000000 -320.000000 -300.000000 -280.000000 -180.000000 -160.000000 -140.000000 -120.000000 -100.000000 -80.000000 -60.000000 -40.000000 -20.000000 40.000000 60.000000 80.000000 180.000000 200.000000 220.000000 240.000000 260.000000 280.000000 300.000000 320.000000 340.000000 400.000000 420.000000 440.000000 540.000000 
0.000000 1.740606 5.913929 1.874218 1.075764 0.136478 -0.561443 -0.638584 -0.696246 0.263438 -1.602049 -1.614179 -1.658850 1.740606 5.913929 1.874218 1.075764 0.136478 -0.561443 -0.638584 -0.696246 0.263438 -1.602049 -1.614179 -1.658850 1.740606 5.913929 1.874218 1.075764 0.136478 -0.561443 -0.638584 -0.696246 0.263438 -1.602049 -1.614179 -1.658850 1.740606 
0.000000 -540.000000 -520.000000 -500.000000 -480.000000 -460.000000 -440.000000 -420.000000 -400.000000 -380.000000 -320.000000 -300.000000 -280.000000 -180.000000 -160.000000 -140.000000 -120.000000 -100.000000 -80.000000 -60.000000 -40.000000 -20.000000 40.000000 60.000000 80.000000 180.000000 200.000000 220.000000 240.000000 260.000000 280.000000 300.000000 320.000000 340.000000 400.000000 420.000000 440.000000 540.000000 
0.000000 1.730766 5.867742 1.825997 1.078210 0.133223 -0.563182 -0.641113 -0.698856 0.258717 -1.622487 -1.608533 -1.650207 1.730766 5.867742 1.825997 1.078210 0.133223 -0.563182 -0.641113 -0.698856 0.258717 -1.622487 -1.608533 -1.650207 1.730766 5.867742 1.825997 1.078210 0.133223 -0.563182 -0.641113 -0.698856 0.258717 -1.622487 -1.608533 -1.650207 1.730766 
0.000000 -540.000000 -520.000000 -500.000000 -480.000000 -460.000000 -440.000000 -420.000000 -400.000000 -380.000000 -320.000000 -300.000000 -280.000000 -180.000000 -160.000000 -140.000000 -120.000000 -100.000000 -80.000000 -60.000000 -40.000000 -20.000000 40.000000 60.000000 80.000000 180.000000 200.000000 220.000000 240.000000 260.000000 280.000000 300.000000 320.000000 340.000000 400.000000 420.000000 440.000000 540.000000 
0.000000 1.921613 6.592132 2.148604 0.954029 0.163403 -0.503521 -0.577927 -0.653287 0.286506 -1.256736 -1.832530 -1.912096 1.921613 6.592132 2.148604 0.954029 0.163403 -0.503521 -0.577927 -0.653287 0.286506 -1.256736 -1.832530 -1.912096 1.921613 6.592132 2.148604 0.954029 0.163403 -0.503521 -0.577927 -0.653287 0.286506 -1.256736 -1.832530 -1.912096 1.921613 
0.000000 -540.000000 -520.000000 -500.000000 -480.000000 -460.000000 -440.000000 -420.000000 -400.000000 -380.000000 -320.000000 -300.000000 -280.000000 -180.000000 -160.000000 -140.000000 -120.000000 -100.000000 -80.000000 -60.000000 -40.000000 -20.000000 40.000000 60.000000 80.000000 180.000000 200.000000 220.000000 240.000000 260.000000 280.000000 300.000000 320.000000 340.000000 400.000000 420.000000 440.000000 540.000000 
0.000000 1.702709 5.729552 1.676918 1.080642 0.122506 -0.566880 -0.647754 -0.704699 0.242966 -1.681797 -1.598357 -1.631281 1.702709 5.729552 1.676918 1.080642 0.122506 -0.566880 -0.647754 -0.704699 0.242966 -1.681797 -1.598357 -1.631281 1.702709 5.729552 1.676918 1.080642 0.122506 -0.566880 -0.647754 -0.704699 0.242966 -1.681797 -1.598357 -1.631281 1.702709 
0.000000 -540.000000 -520.000000 -500.000000 -480.000000 -460.000000 -440.000000 -420.000000 -400.000000 -380.000000 -320.000000 -300.000000 -280.000000 -180.000000 -160.000000 -140.000000 -120.000000 -100.000000 -80.000000 -60.000000 -40.000000 -20.000000 40.000000 60.000000 80.000000 180.000000 200.000000 220.000000 240.000000 260.000000 280.000000 300.000000 320.000000 340.000000 400.000000 420.000000 440.000000 540.000000 
0.000000 2.468659 2.165057 2.120405 1.583015 0.680282 0.215672 0.485122 0.422333 -0.659588 -2.250947 -1.109422 -1.128721 2.468659 2.165057 2.120405 1.583015 0.680282 0.215672 0.485122 0.422333 -0.659588 -2.250947 -1.109422 -1.128721 2.468659 2.165057 2.120405 1.583015 0.680282 0.215672 0.485122 0.422333 -0.659588 -2.250947 -1.109422 -1.128721 2.468659 
0.000000 -540.000000 -520.000000 -500.000000 -480.000000 -460.000000 -440.000000 -420.000000 -400.000000 -380.000000 -320.000000 -300.000000 -280.000000 -180.000000 -160.000000 -140.000000 -120.000000 -100.000000 -80.000000 -60.000000 -40.000000 -20.000000 40.000000 60.000000 80.000000 180.000000 200.000000 220.000000 240.000000 260.000000 280.000000 300.000000 320.000000 340.000000 400.000000 420.000000 440.000000 540.000000 
0.000000 1.455886 3.861902 0.883495 0.500902 -0.140704 -0.488423 -0.669652 -0.364185 -0.090197 -2.286578 -2.231311 -2.239989 1.455886 3.861902 0.883495 0.500902 -0.140704 -0.488423 -0.669652 -0.364185 -0.090197 -2.286578 -2.231311 -2.239989 1.455886 3.861902 0.883495 0.500902 -0.140704 -0.488423 -0.669652 -0.364185 -0.090197 -2.286578 -2.231311 -2.239989 1.455886 
0.000000 -540.000000 -520.000000 -500.000000 -480.000000 -460.000000 -440.000000 -420.000000 -400.000000 -380.000000 -320.000000 -300.000000 -280.000000 -180.000000 -160.000000 -140.000000 -120.000000 -100.000000 -80.000000 -60.000000 -40.000000 -20.000000 40.000000 60.000000 80.000000 180.000000 200.000000 220.000000 240.000000 260.000000 280.000000 300.000000 320.000000 340.000000 400.000000 420.000000 440.000000 540.000000 
0.000000 1.693978 5.684474 1.627756 1.079840 0.118700 -0.567612 -0.649640 -0.705870 0.237349 -1.700577 -1.597191 -1.627367 1.693978 5.684474 1.627756 1.079840 0.118700 -0.567612 -0.649640 -0.705870 0.237349 -1.700577 -1.597191 -1.627367 1.693978 5.684474 1.627756 1.079840 0.118700 -0.567612 -0.649640 -0.705870 0.237349 -1.700577 -1.597191 -1.627367 1.693978 
0.000000 -540.000000 -520.000000 -500.000000 -480.000000 -460.000000 -440.000000 -420.000000 -400.000000 -380.000000 -320.000000 -300.000000 -280.000000 -180.000000 -160.000000 -140.000000 -120.000000 -100.000000 -80.000000 -60.000000 -40.000000 -20.000000 40.000000 60.000000 80.000000 180.000000 200.000000 220.000000 240.000000 260.000000 280.000000 300.000000 320.000000 340.000000 400.000000 420.000000 440.000000 540.000000 
0.000000 2.166418 2.798768 2.870771 2.508780 1.612217 0.697104 0.547106 0.750071 2.509151 -1.403637 -0.487687 -0.537287 2.166418 2.798768 2.870771 2.508780 1.612217 0.697104 0.547106 0.750071 2.509151 -1.403637 -0.487687 -0.537287 2.166418 2.798768 2.870771 2.508780 1.612217 0.697104 0.547106 0.750071 2.509151 -1.403637 -0.487687 -0.537287 2.166418 
0.000000 -540.000000 -520.000000 -500.000000 -480.000000 -460.000000 -440.000000 -420.000000 -400.000000 -380.000000 -320.000000 -300.000000 -280.000000 -180.000000 -160.000000 -140.000000 -120.000000 -100.000000 -80.000000 -60.000000 -40.000000 -20.000000 40.000000 60.000000 80.000000 180.000000 200.000000 220.000000 240.000000 260.000000 280.000000 300.000000 320.000000 340.000000 400.000000 420.000000 440.000000 540.000000 
0.000000 2.244947 2.888495 3.042576 2.686813 1.778883 0.986962 0.551281 0.574901 3.604425 -0.955308 -0.975236 -1.196902 2.244947 2.888495 3.042576 2.686813 1.778883 0.986962 0.551281 0.574901 3.604425 -0.955308 -0.975236 -1.196902 2.244947 2.888495 3.042576 2.686813 1.778883 0.986962 0.551281 0.574901 3.604425 -0.955308 -0.975236 -1.196902 2.244947 
0.000000 -540.000000 -520.000000 -500.000000 -480.000000 -460.000000 -440.000000 -420.000000 -400.000000 -380.000000 -320.000000 -300.000000 -280.000000 -180.000000 -160.000000 -140.000000 -120.000000 -100.000000 -80.000000 -60.000000 -40.000000 -20.000000 40.000000 60.000000 80.000000 180.000000 200.000000 220.000000 240.000000 260.000000 280.000000 300.000000 320.000000 340.000000 400.000000 420.000000 440.000000 540.000000 
0.000000 2.581849 2.791970 2.303450 1.729842 0.953497 0.415550 0.405198 0.323784 -0.125211 -2.077731 -0.219662 -0.222134 2.581849 2.791970 2.303450 1.729842 0.953497 0.415550 0.405198 0.323784 -0.125211 -2.077731 -0.219662 -0.222134 2.581849 2.791970 2.303450 1.729842 0.953497 0.415550 0.405198 0.323784 -0.125211 -2.077731 -0.219662 -0.222134 2.581849 
0.000000 -540.000000 -520.000000 -500.000000 -480.000000 -460.000000 -440.000000 -420.000000 -400.000000 -380.000000 -320.000000 -300.000000 -280.000000 -180.000000 -160.000000 -140.000000 -120.000000 -100.000000 -80.000000 -60.000000 -40.000000 -20.000000 40.000000 60.000000 80.000000 180.000000 200.000000 220.000000 240.000000 260.000000 280.000000 300.000000 320.000000 340.000000 400.000000 420.000000 440.000000 540.000000 
0.000000 2.581014 2.805195 2.308149 1.733734 0.959864 0.419705 0.402373 0.322249 -0.108177 -2.072739 -0.202372 -0.204273 2.581014 2.805195 2.308149 1.733734 0.959864 0.419705 0.402373 0.322249 -0.108177 -2.072739 -0.202372 -0.204273 2.581014 2.805195 2.308149 1.733734 0.959864 0.419705 0.402373 0.322249 -0.108177 -2.072739 -0.202372 -0.204273 2.581014 
0.000000 -540.000000 -520.000000 -500.000000 -480.000000 -460.000000 -440.000000 -420.000000 -400.000000 -380.000000 -320.000000 -300.000000 -280.000000 -180.000000 -160.000000 -140.000000 -120.000000 -100.000000 -80.000000 -60.000000 -40.000000 -20.000000 40.000000 60.000000 80.000000 180.000000 200.000000 220.000000 240.000000 260.000000 280.000000 300.000000 320.000000 340.000000 400.000000 420.000000 440.000000 540.000000 
0.000000 2.521649 2.966220 2.400204 1.814344 1.066681 0.485362 0.377280 0.309692 0.219797 -1.981148 0.008200 0.014487 2.521649 2.966220 2.400204 1.814344 1.066681 0.485362 0.377280 0.309692 0.219797 -1.981148 0.008200 0.014487 2.521649 2.966220 2.400204 1.814344 1.066681 0.485362 0.377280 0.309692 0.219797 -1.981148 0.008200 0.014487 2.521649 
0.000000 -540.000000 -520.000000 -500.000000 -480.000000 -460.000000 -440.000000 -420.000000 -400.000000 -380.000000 -320.000000 -300.000000 -280.000000 -180.000000 -160.000000 -140.000000 -120.000000 -100.000000 -80.000000 -60.000000 -40.000000 -20.000000 40.000000 60.000000 80.000000 180.000000 200.000000 220.000000 240.000000 260.000000 280.000000 300.000000 320.000000 340.000000 400.000000 420.000000 440.000000 540.000000 
0.000000 2.478141 2.994603 2.441168 1.853037 1.107057 0.507879 0.379772 0.312979 0.364928 -1.942689 0.044917 0.053273 2.478141 2.994603 2.441168 1.853037 1.107057 0.507879 0.379772 0.312979 0.364928 -1.942689 0.044917 0.053273 2.478141 2.994603 2.441168 1.853037 1.107057 0.507879 0.379772 0.312979 0.364928 -1.942689 0.044917 0.053273 2.478141 
0.000000 -540.000000 -520.000000 -500.000000 -480.000000 -460.000000 -440.000000 -420.000000 -400.000000 -380.000000 -320.000000 -300.000000 -280.000000 -180.000000 -160.000000 -140.000000 -120.000000 -100.000000 -80.000000 -60.000000 -40.000000 -20.000000 40.000000 60.000000 80.000000 180.000000 200.000000 220.000000 240.000000 260.000000 280.000000 300.000000 320.000000 340.000000 400.000000 420.000000 440.000000 540.000000 
0.000000 2.310053 2.984681 2.573368 1.992831 1.227304 0.566045 0.419304 0.356093 0.854598 -1.818369 0.021867 0.031366 2.310053 2.984681 2.573368 1.992831 1.227304 0.566045 0.419304 0.356093 0.854598 -1.818369 0.021867 0.031366 2.310053 2.984681 2.573368 1.992831 1.227304 0.566045 0.419304 0.356093 0.854598 -1.818369 0.021867 0.031366 2.310053 
0.000000 -540.000000 -520.000000 -500.000000 -480.000000 -460.000000 -440.000000 -420.000000 -400.000000 -380.000000 -320.000000 -300.000000 -280.000000 -180.000000 -160.000000 -140.000000 -120.000000 -100.000000 -80.000000 -60.000000 -40.000000 -20.000000 40.000000 60.000000 80.000000 180.000000 200.000000 220.000000 240.000000 260.000000 280.000000 300.000000 320.000000 340.000000 400.000000 420.000000 440.000000 540.000000 
0.000000 2.139922 2.867995 2.732733 2.217751 1.395125 0.627159 0.496478 0.499376 1.582068 -1.640497 -0.191118 -0.195033 2.139922 2.867995 2.732733 2.217751 1.395125 0.627159 0.496478 0.499376 1.582068 -1.640497 -0.191118 -0.195033 2.139922 2.867995 2.732733 2.217751 1.395125 0.627159 0.496478 0.499376 1.582068 -1.640497 -0.191118 -0.195033 2.139922 
0.000000 -540.000000 -520.000000 -500.000000 -480.000000 -460.000000 -440.000000 -420.000000 -400.000000 -380.000000 -320.000000 -300.000000 -280.000000 -180.000000 -160.000000 -140.000000 -120.000000 -100.000000 -80.000000 -60.000000 -40.000000 -20.000000 40.000000 60.000000 80.000000 180.000000 200.000000 220.000000 240.000000 260.000000 280.000000 300.000000 320.000000 340.000000 400.000000 420.000000 440.000000 540.000000 
0.000000 2.567394 2.885283 2.342412 1.762751 1.003223 0.447317 0.386665 0.313900 0.015161 -2.037363 -0.097751 -0.095945 2.567394 2.885283 2.342412 1.762751 1.003223 0.447317 0.386665 0.313900 0.015161 -2.037363 -0.097751 -0.095945 2.567394 2.885283 2.342412 1.762751 1.003223 0.447317 0.386665 0.313900 0.015161 -2.037363 -0.097751 -0.095945 2.567394 
0.000000 -540.000000 -520.000000 -500.000000 -480.000000 -460.000000 -440.000000 -420.000000 -400.000000 -380.000000 -320.000000 -300.000000 -280.000000 -180.000000 -160.000000 -140.000000 -120.000000 -100.000000 -80.000000 -60.000000 -40.000000 -20.000000 40.000000 60.000000 80.000000 180.000000 200.000000 220.000000 240.000000 260.000000 280.000000 300.000000 320.000000 340.000000 400.000000 420.000000 440.000000 540.000000 
0.000000 2.152846 2.801226 2.847622 2.459396 1.576662 0.684337 0.541355 0.709597 2.345110 -1.448285 -0.433762 -0.472390 2.152846 2.801226 2.847622 2.459396 1.576662 0.684337 0.541355 0.709597 2.345110 -1.448285 -0.433762 -0.472390 2.152846 2.801226 2.847622 2.459396 1.576662 0.684337 0.541355 0.709597 2.345110 -1.448285 -0.433762 -0.472390 2.152846 
0.000000 -540.000000 -520.000000 -500.000000 -480.000000 -460.000000 -440.000000 -420.000000 -400.000000 -380.000000 -320.000000 -300.000000 -280.000000 -180.000000 -160.000000 -140.000000 -120.000000 -100.000000 -80.000000 -60.000000 -40.000000 -20.000000 40.000000 60.000000 80.000000 180.000000 200.000000 220.000000 240.000000 260.000000 280.000000 300.000000 320.000000 340.000000 400.000000 420.000000 440.000000 540.000000 
0.000000 1.323481 1.097703 0.540931 -0.145223 -0.472296 -0.788187 -0.929473 0.345515 -0.684831 -2.749332 -2.884903 -3.003548 1.323481 1.097703 0.540931 -0.145223 -0.472296 -0.788187 -0.929473 0.345515 -0.684831 -2.749332 -2.884903 -3.003548 1.323481 1.097703 0.540931 -0.145223 -0.472296 -0.788187 -0.929473 0.345515 -0.684831 -2.749332 -2.884903 -3.003548 1.323481 
0.000000 -540.000000 -520.000000 -500.000000 -480.000000 -460.000000 -440.000000 -420.000000 -400.000000 -380.000000 -320.000000 -300.000000 -280.000000 -180.000000 -160.000000 -140.000000 -120.000000 -100.000000 -80.000000 -60.000000 -40.000000 -20.000000 40.000000 60.000000 80.000000 180.000000 200.000000 220.000000 240.000000 260.000000 280.000000 300.000000 320.000000 340.000000 400.000000 420.000000 440.000000 540.000000 
0.000000 1.684923 5.636633 1.575788 1.078127 0.114497 -0.568141 -0.651502 -0.706671 0.231154 -1.720217 -1.597101 -1.624433 1.684923 5.636633 1.575788 1.078127 0.114497 -0.568141 -0.651502 -0.706671 0.231154 -1.720217 -1.597101 -1.624433 1.684923 5.636633 1.575788 1.078127 0.114497 -0.568141 -0.651502 -0.706671 0.231154 -1.720217 -1.597101 -1.624433 1.684923 
0.000000 -540.000000 -520.000000 -500.000000 -480.000000 -460.000000 -440.000000 -420.000000 -400.000000 -380.000000 -320.000000 -300.000000 -280.000000 -180.000000 -160.000000 -140.000000 -120.000000 -100.000000 -80.000000 -60.000000 -40.000000 -20.000000 40.000000 60.000000 80.000000 180.000000 200.000000 220.000000 240.000000 260.000000 280.000000 300.000000 320.000000 340.000000 400.000000 420.000000 440.000000 540.000000 
0.000000 2.097117 7.015895 1.670034 0.903814 0.147237 -0.456477 -0.538906 -0.652911 0.271067 -0.971359 -2.103945 -2.155519 2.097117 7.015895 1.670034 0.903814 0.147237 -0.456477 -0.538906 -0.652911 0.271067 -0.971359 -2.103945 -2.155519 2.097117 7.015895 1.670034 0.903814 0.147237 -0.456477 -0.538906 -0.652911 0.271067 -0.971359 -2.103945 -2.155519 2.097117 
0.000000 -540.000000 -520.000000 -500.000000 -480.000000 -460.000000 -440.000000 -420.000000 -400.000000 -380.000000 -320.000000 -300.000000 -280.000000 -180.000000 -160.000000 -140.000000 -120.000000 -100.000000 -80.000000 -60.000000 -40.000000 -20.000000 40.000000 60.000000 80.000000 180.000000 200.000000 220.000000 240.000000 260.000000 280.000000 300.000000 320.000000 340.000000 400.000000 420.000000 440.000000 540.000000 
0.000000 1.712133 5.777078 1.728669 1.080635 0.126355 -0.565858 -0.645620 -0.703053 0.248642 -1.661701 -1.600728 -1.636614 1.712133 5.777078 1.728669 1.080635 0.126355 -0.565858 -0.645620 -0.703053 0.248642 -1.661701 -1.600728 -1.636614 1.712133 5.777078 1.728669 1.080635 0.126355 -0.565858 -0.645620 -0.703053 0.248642 -1.661701 -1.600728 -1.636614 1.712133 
0.000000 -540.000000 -520.000000 -500.000000 -480.000000 -460.000000 -440.000000 -420.000000 -400.000000 -380.000000 -320.000000 -300.000000 -280.000000 -180.000000 -160.000000 -140.000000 -120.000000 -100.000000 -80.000000 -60.000000 -40.000000 -20.000000 40.000000 60.000000 80.000000 180.000000 200.000000 220.000000 240.000000 260.000000 280.000000 300.000000 320.000000 340.000000 400.000000 420.000000 440.000000 540.000000 
0.000000 1.929399 6.615160 2.134506 0.948167 0.163477 -0.500589 -0.575157 -0.652638 0.285579 -1.243097 -1.844567 -1.924392 1.929399 6.615160 2.134506 0.948167 0.163477 -0.500589 -0.575157 -0.652638 0.285579 -1.243097 -1.844567 -1.924392 1.929399 6.615160 2.134506 0.948167 0.163477 -0.500589 -0.575157 -0.652638 0.285579 -1.243097 -1.844567 -1.924392 1.929399 
0.000000 -540.000000 -520.000000 -500.000000 -480.000000 -460.000000 -440.000000 -420.000000 -400.000000 -380.000000 -320.000000 -300.000000 -280.000000 -180.000000 -160.000000 -140.000000 -120.000000 -100.000000 -80.000000 -60.000000 -40.000000 -20.000000 40.000000 60.000000 80.000000 180.000000 200.000000 220.000000 240.000000 260.000000 280.000000 300.000000 320.000000 340.000000 400.000000 420.000000 440.000000 540.000000 
0.000000 2.030917 6.878068 1.866881 0.897380 0.157571 -0.467958 -0.546286 -0.650507 0.272960 -1.073693 -2.004236 -2.075132 2.030917 6.878068 1.866881 0.897380 0.157571 -0.467958 -0.546286 -0.650507 0.272960 -1.073693 -2.004236 -2.075132 2.030917 6.878068 1.866881 0.897380 0.157571 -0.467958 -0.546286 -0.650507 0.272960 -1.073693 -2.004236 -2.075132 2.030917 
0.000000 -540.000000 -520.000000 -500.000000 -480.000000 -460.000000 -440.000000 -420.000000 -400.000000 -380.000000 -320.000000 -300.000000 -280.000000 -180.000000 -160.000000 -140.000000 -120.000000 -100.000000 -80.000000 -60.000000 -40.000000 -20.000000 40.000000 60.000000 80.000000 180.000000 200.000000 220.000000 240.000000 260.000000 280.000000 300.000000 320.000000 340.000000 400.000000 420.000000 440.000000 540.000000 
0.000000 1.968737 6.725020 2.045184 0.921910 0.162676 -0.486432 -0.562092 -0.650584 0.280347 -1.175614 -1.906314 -1.985469 1.968737 6.725020 2.045184 0.921910 0.162676 -0.486432 -0.562092 -0.650584 0.280347 -1.175614 -1.906314 -1.985469 1.968737 6.725020 2.045184 0.921910 0.162676 -0.486432 -0.562092 -0.650584 0.280347 -1.175614 -1.906314 -1.985469 1.968737 
0.000000 -540.000000 -520.000000 -500.000000 -480.000000 -460.000000 -440.000000 -420.000000 -400.000000 -380.000000 -320.000000 -300.000000 -280.000000 -180.000000 -160.000000 -140.000000 -120.000000 -100.000000 -80.000000 -60.000000 -40.000000 -20.000000 40.000000 60.000000 80.000000 180.000000 200.000000 220.000000 240.000000 260.000000 280.000000 300.000000 320.000000 340.000000 400.000000 420.000000 440.000000 540.000000 
0.000000 1.448203 3.771210 0.893742 0.460747 -0.157383 -0.487802 -0.671476 -0.335558 -0.108892 -2.308716 -2.275412 -2.286332 1.448203 3.771210 0.893742 0.460747 -0.157383 -0.487802 -0.671476 -0.335558 -0.108892 -2.308716 -2.275412 -2.286332 1.448203 3.771210 0.893742 0.460747 -0.157383 -0.487802 -0.671476 -0.335558 -0.108892 -2.308716 -2.275412 -2.286332 1.448203 
0.000000 -540.000000 -520.000000 -500.000000 -480.000000 -460.000000 -440.000000 -420.000000 -400.000000 -380.000000 -320.000000 -300.000000 -280.000000 -180.000000 -160.000000 -140.000000 -120.000000 -100.000000 -80.000000 -60.000000 -40.000000 -20.000000 40.000000 60.000000 80.000000 180.000000 200.000000 220.000000 240.000000 260.000000 280.000000 300.000000 320.000000 340.000000 400.000000 420.000000 440.000000 540.000000 
0.000000 1.662342 5.512208 1.443571 1.069503 0.102787 -0.568348 -0.655705 -0.706448 0.214009 -1.769950 -1.602335 -1.622701 1.662342 5.512208 1.443571 1.069503 0.102787 -0.568348 -0.655705 -0.706448 0.214009 -1.769950 -1.602335 -1.622701 1.662342 5.512208 1.443571 1.069503 0.102787 -0.568348 -0.655705 -0.706448 0.214009 -1.769950 -1.602335 -1.622701 1.662342 
0.000000 -540.000000 -520.000000 -500.000000 -480.000000 -460.000000 -440.000000 -420.000000 -400.000000 -380.000000 -320.000000 -300.000000 -280.000000 -180.000000 -160.000000 -140.000000 -120.000000 -100.000000 -80.000000 -60.000000 -40.000000 -20.000000 40.000000 60.000000 80.000000 180.000000 200.000000 220.000000 240.000000 260.000000 280.000000 300.000000 320.000000 340.000000 400.000000 420.000000 440.000000 540.000000 
0.000000 1.907508 6.549286 2.170375 0.965036 0.163069 -0.508889 -0.583049 -0.654701 0.288013 -1.281687 -1.810964 -1.889748 1.907508 6.549286 2.170375 0.965036 0.163069 -0.508889 -0.583049 -0.654701 0.288013 -1.281687 -1.810964 -1.889748 1.907508 6.549286 2.170375 0.965036 0.163069 -0.508889 -0.583049 -0.654701 0.288013 -1.281687 -1.810964 -1.889748 1.907508 
0.000000 -540.000000 -520.000000 -500.000000 -480.000000 -460.000000 -440.000000 -420.000000 -400.000000 -380.000000 -320.000000 -300.000000 -280.000000 -180.000000 -160.000000 -140.000000 -120.000000 -100.000000 -80.000000 -60.000000 -40.000000 -20.000000 40.000000 60.000000 80.000000 180.000000 200.000000 220.000000 240.000000 260.000000 280.000000 300.000000 320.000000 340.000000 400.000000 420.000000 440.000000 540.000000 
0.000000 2.139908 2.895639 3.041465 2.695559 1.718108 0.809679 0.565732 0.737024 3.370141 -1.099538 -0.829750 -0.983267 2.139908 2.895639 3.041465 2.695559 1.718108 0.809679 0.565732 0.737024 3.370141 -1.099538 -0.829750 -0.983267 2.139908 2.895639 3.041465 2.695559 1.718108 0.809679 0.565732 0.737024 3.370141 -1.099538 -0.829750 -0.983267 2.139908 
0.000000 -540.000000 -520.000000 -500.000000 -480.000000 -460.000000 -440.000000 -420.000000 -400.000000 -380.000000 -320.000000 -300.000000 -280.000000 -180.000000 -160.000000 -140.000000 -120.000000 -100.000000 -80.000000 -60.000000 -40.000000 -20.000000 40.000000 60.000000 80.000000 180.000000 200.000000 220.000000 240.000000 260.000000 280.000000 300.000000 320.000000 340.000000 400.000000 420.000000 440.000000 540.000000 
0.000000 2.184823 2.812066 2.924378 2.602079 1.673701 0.725417 0.556422 0.808760 2.845851 -1.303970 -0.604721 -0.682725 2.184823 2.812066 2.924378 2.602079 1.673701 0.725417 0.556422 0.808760 2.845851 -1.303970 -0.604721 -0.682725 2.184823 2.812066 2.924378 2.602079 1.673701 0.725417 0.556422 0.808760 2.845851 -1.303970 -0.604721 -0.682725 2.184823 
0.000000 -540.000000 -520.000000 -500.000000 -480.000000 -460.000000 -440.000000 -420.000000 -400.000000 -380.000000 -320.000000 -300.000000 -280.000000 -180.000000 -160.000000 -140.000000 -120.000000 -100.000000 -80.000000 -60.000000 -40.000000 -20.000000 40.000000 60.000000 80.000000 180.000000 200.000000 220.000000 240.000000 260.000000 280.000000 300.000000 320.000000 340.000000 400.000000 420.000000 440.000000 540.000000 
0.000000 2.500496 2.266125 2.154330 1.610731 0.728862 0.253956 0.486879 0.403013 -0.587009 -2.225155 -0.951144 -0.969371 2.500496 2.266125 2.154330 1.610731 0.728862 0.253956 0.486879 0.403013 -0.587009 -2.225155 -0.951144 -0.969371 2.500496 2.266125 2.154330 1.610731 0.728862 0.253956 0.486879 0.403013 -0.587009 -2.225155 -0.951144 -0.969371 2.500496 
0.000000 -540.000000 -520.000000 -500.000000 -480.000000 -460.000000 -440.000000 -420.000000 -400.000000 -380.000000 -320.000000 -300.000000 -280.000000 -180.000000 -160.000000 -140.000000 -120.000000 -100.000000 -80.000000 -60.000000 -40.000000 -20.000000 40.000000 60.000000 80.000000 180.000000 200.000000 220.000000 240.000000 260.000000 280.000000 300.000000 320.000000 340.000000 400.000000 420.000000 440.000000 540.000000 
0.000000 2.414441 3.005971 2.493636 1.905489 1.155664 0.533037 0.390771 0.324089 0.553867 -1.893908 0.057853 0.067669 2.414441 3.005971 2.493636 1.905489 1.155664 0.533037 0.390771 0.324089 0.553867 -1.893908 0.057853 0.067669 2.414441 3.005971 2.493636 1.905489 1.155664 0.533037 0.390771 0.324089 0.553867 -1.893908 0.057853 0.067669 2.414441 
0.000000 -540.000000 -520.000000 -500.000000 -480.000000 -460.000000 -440.000000 -420.000000 -400.000000 -380.000000 -320.000000 -300.000000 -280.000000 -180.000000 -160.000000 -140.000000 -120.000000 -100.000000 -80.000000 -60.000000 -40.000000 -20.000000 40.000000 60.000000 80.000000 180.000000 200.000000 220.000000 240.000000 260.000000 280.000000 300.000000 320.000000 340.000000 400.000000 420.000000 440.000000 540.000000 
0.000000 2.489031 2.989641 2.431487 1.843724 1.097759 0.502820 0.378635 0.311767 0.330511 -1.951722 0.038590 0.046532 2.489031 2.989641 2.431487 1.843724 1.097759 0.502820 0.378635 0.311767 0.330511 -1.951722 0.038590 0.046532 2.489031 2.989641 2.431487 1.843724 1.097759 0.502820 0.378635 0.311767 0.330511 -1.951722 0.038590 0.046532 2.489031 
0.000000 -540.000000 -520.000000 -500.000000 -480.000000 -460.000000 -440.000000 -420.000000 -400.000000 -380.000000 -320.000000 -300.000000 -280.000000 -180.000000 -160.000000 -140.000000 -120.000000 -100.000000 -80.000000 -60.000000 -40.000000 -20.000000 40.000000 60.000000 80.000000 180.000000 200.000000 220.000000 240.000000 260.000000 280.000000 300.000000 320.000000 340.000000 400.000000 420.000000 440.000000 540.000000 
0.000000 1.352043 2.132002 0.847191 -0.052503 -0.459919 -0.693486 -0.789365 0.119382 -0.452019 -2.623179 -2.780493 -2.837894 1.352043 2.132002 0.847191 -0.052503 -0.459919 -0.693486 -0.789365 0.119382 -0.452019 -2.623179 -2.780493 -2.837894 1.352043 2.132002 0.847191 -0.052503 -0.459919 -0.693486 -0.789365 0.119382 -0.452019 -2.623179 -2.780493 -2.837894 1.352043 
0.000000 -540.000000 -520.000000 -500.000000 -480.000000 -460.000000 -440.000000 -420.000000 -400.000000 -380.000000 -320.000000 -300.000000 -280.000000 -180.000000 -160.000000 -140.000000 -120.000000 -100.000000 -80.000000 -60.000000 -40.000000 -20.000000 40.000000 60.000000 80.000000 180.000000 200.000000 220.000000 240.000000 260.000000 280.000000 300.000000 320.000000 340.000000 400.000000 420.000000 440.000000 540.000000 
0.000000 1.545891 4.726118 0.902714 0.877118 0.004457 -0.534631 -0.665518 -0.610853 0.081304 -2.045510 -1.809134 -1.806452 1.545891 4.726118 0.902714 0.877118 0.004457 -0.534631 -0.665518 -0.610853 0.081304 -2.045510 -1.809134 -1.806452 1.545891 4.726118 0.902714 0.877118 0.004457 -0.534631 -0.665518 -0.610853 0.081304 -2.045510 -1.809134 -1.806452 1.545891 
