0.000000 -540.000000 -520.000000 -500.000000 -480.000000 -460.000000 -440.000000 -420.000000 -400.000000 -320.000000 -300.000000 -180.000000 -160.000000 -140.000000 -120.000000 -100.000000 -80.000000 -60.000000 -40.000000 40.000000 60.000000 180.000000 200.000000 220.000000 240.000000 260.000000 280.000000 300.000000 320.000000 400.000000 420.000000 540.000000 
0.000000 0.076043 -0.659857 0.005142 0.113834 0.063028 -0.031345 -0.052915 -0.014594 0.275118 0.457958 0.076043 -0.659857 0.005142 0.113834 0.063028 -0.031345 -0.052915 -0.014594 0.275118 0.457958 0.076043 -0.659857 0.005142 0.113834 0.063028 -0.031345 -0.052915 -0.014594 0.275118 0.457958 0.076043 
0.000000 -540.000000 -520.000000 -500.000000 -480.000000 -460.000000 -440.000000 -420.000000 -400.000000 -320.000000 -300.000000 -180.000000 -160.000000 -140.000000 -120.000000 -100.000000 -80.000000 -60.000000 -40.000000 40.000000 60.000000 180.000000 200.000000 220.000000 240.000000 260.000000 280.000000 300.000000 320.000000 400.000000 420.000000 540.000000 
0.000000 0.044663 -0.550368 0.009721 0.105686 0.064963 -0.041442 -0.103218 0.073261 0.298156 0.450049 0.044663 -0.550368 0.009721 0.105686 0.064963 -0.041442 -0.103218 0.073261 0.298156 0.450049 0.044663 -0.550368 0.009721 0.105686 0.064963 -0.041442 -0.103218 0.073261 0.298156 0.450049 0.044663 
0.000000 -540.000000 -520.000000 -500.000000 -480.000000 -460.000000 -440.000000 -420.000000 -400.000000 -320.000000 -300.000000 -180.000000 -160.000000 -140.000000 -120.000000 -100.000000 -80.000000 -60.000000 -40.000000 40.000000 60.000000 180.000000 200.000000 220.000000 240.000000 260.000000 280.000000 300.000000 320.000000 400.000000 420.000000 540.000000 
0.000000 0.092498 -0.717854 0.002061 0.111947 0.055319 -0.028986 -0.033766 -0.041465 0.263824 0.457641 0.092498 -0.717854 0.002061 0.111947 0.055319 -0.028986 -0.033766 -0.041465 0.263824 0.457641 0.092498 -0.717854 0.002061 0.111947 0.055319 -0.028986 -0.033766 -0.041465 0.263824 0.457641 0.092498 
0.000000 -540.000000 -520.000000 -500.000000 -480.000000 -460.000000 -440.000000 -420.000000 -400.000000 -320.000000 -300.000000 -180.000000 -160.000000 -140.000000 -120.000000 -100.000000 -80.000000 -60.000000 -40.000000 40.000000 60.000000 180.000000 200.000000 220.000000 240.000000 260.000000 280.000000 300.000000 320.000000 400.000000 420.000000 540.000000 
0.000000 0.122578 -0.824317 -0.003038 0.091957 0.027051 -0.030995 -0.029930 -0.052074 0.244276 0.448965 0.122578 -0.824317 -0.003038 0.091957 0.027051 -0.030995 -0.029930 -0.052074 0.244276 0.448965 0.122578 -0.824317 -0.003038 0.091957 0.027051 -0.030995 -0.029930 -0.052074 0.244276 0.448965 0.122578 
0.000000 -540.000000 -520.000000 -500.000000 -480.000000 -460.000000 -440.000000 -420.000000 -400.000000 -320.000000 -300.000000 -180.000000 -160.000000 -140.000000 -120.000000 -100.000000 -80.000000 -60.000000 -40.000000 40.000000 60.000000 180.000000 200.000000 220.000000 240.000000 260.000000 280.000000 300.000000 320.000000 400.000000 420.000000 540.000000 
0.000000 0.153702 -0.934005 -0.004602 0.048555 -0.005631 -0.025334 -0.043802 -0.048719 0.225095 0.427852 0.153702 -0.934005 -0.004602 0.048555 -0.005631 -0.025334 -0.043802 -0.048719 0.225095 0.427852 0.153702 -0.934005 -0.004602 0.048555 -0.005631 -0.025334 -0.043802 -0.048719 0.225095 0.427852 0.153702 
0.000000 -540.000000 -520.000000 -500.000000 -480.000000 -460.000000 -440.000000 -420.000000 -400.000000 -320.000000 -300.000000 -180.000000 -160.000000 -140.000000 -120.000000 -100.000000 -80.000000 -60.000000 -40.000000 40.000000 60.000000 180.000000 200.000000 220.000000 240.000000 260.000000 280.000000 300.000000 320.000000 400.000000 420.000000 540.000000 
0.000000 0.150145 -0.921548 -0.004671 0.054352 -0.001641 -0.026524 -0.042393 -0.048521 0.227254 0.430970 0.150145 -0.921548 -0.004671 0.054352 -0.001641 -0.026524 -0.042393 -0.048521 0.227254 0.430970 0.150145 -0.921548 -0.004671 0.054352 -0.001641 -0.026524 -0.042393 -0.048521 0.227254 0.430970 0.150145 
0.000000 -540.000000 -520.000000 -500.000000 -480.000000 -460.000000 -440.000000 -420.000000 -400.000000 -320.000000 -300.000000 -180.000000 -160.000000 -140.000000 -120.000000 -100.000000 -80.000000 -60.000000 -40.000000 40.000000 60.000000 180.000000 200.000000 220.000000 240.000000 260.000000 280.000000 300.000000 320.000000 400.000000 420.000000 540.000000 
0.000000 0.137878 -0.878398 -0.004481 0.073269 0.010682 -0.030157 -0.036628 -0.049235 0.234752 0.440267 0.137878 -0.878398 -0.004481 0.073269 0.010682 -0.030157 -0.036628 -0.049235 0.234752 0.440267 0.137878 -0.878398 -0.004481 0.073269 0.010682 -0.030157 -0.036628 -0.049235 0.234752 0.440267 0.137878 
0.000000 -540.000000 -520.000000 -500.000000 -480.000000 -460.000000 -440.000000 -420.000000 -400.000000 -320.000000 -300.000000 -180.000000 -160.000000 -140.000000 -120.000000 -100.000000 -80.000000 -60.000000 -40.000000 40.000000 60.000000 180.000000 200.000000 220.000000 240.000000 260.000000 280.000000 300.000000 320.000000 400.000000 420.000000 540.000000 
0.000000 0.146367 -0.908285 -0.004693 0.060426 0.002266 -0.027808 -0.040724 -0.048504 0.229554 0.434068 0.146367 -0.908285 -0.004693 0.060426 0.002266 -0.027808 -0.040724 -0.048504 0.229554 0.434068 0.146367 -0.908285 -0.004693 0.060426 0.002266 -0.027808 -0.040724 -0.048504 0.229554 0.434068 0.146367 
0.000000 -540.000000 -520.000000 -500.000000 -480.000000 -460.000000 -440.000000 -420.000000 -400.000000 -320.000000 -300.000000 -180.000000 -160.000000 -140.000000 -120.000000 -100.000000 -80.000000 -60.000000 -40.000000 40.000000 60.000000 180.000000 200.000000 220.000000 240.000000 260.000000 280.000000 300.000000 320.000000 400.000000 420.000000 540.000000 
0.000000 0.146679 -0.909385 -0.004694 0.059929 0.001952 -0.027704 -0.040867 -0.048498 0.229363 0.433820 0.146679 -0.909385 -0.004694 0.059929 0.001952 -0.027704 -0.040867 -0.048498 0.229363 0.433820 0.146679 -0.909385 -0.004694 0.059929 0.001952 -0.027704 -0.040867 -0.048498 0.229363 0.433820 0.146679 
0.000000 -540.000000 -520.000000 -500.000000 -480.000000 -460.000000 -440.000000 -420.000000 -400.000000 -320.000000 -300.000000 -180.000000 -160.000000 -140.000000 -120.000000 -100.000000 -80.000000 -60.000000 -40.000000 40.000000 60.000000 180.000000 200.000000 220.000000 240.000000 260.000000 280.000000 300.000000 320.000000 400.000000 420.000000 540.000000 
0.000000 0.140043 -0.886031 -0.004575 0.070137 0.008515 -0.029676 -0.037695 -0.048944 0.233422 0.438783 0.140043 -0.886031 -0.004575 0.070137 0.008515 -0.029676 -0.037695 -0.048944 0.233422 0.438783 0.140043 -0.886031 -0.004575 0.070137 0.008515 -0.029676 -0.037695 -0.048944 0.233422 0.438783 0.140043 
0.000000 -540.000000 -520.000000 -500.000000 -480.000000 -460.000000 -440.000000 -420.000000 -400.000000 -320.000000 -300.000000 -180.000000 -160.000000 -140.000000 -120.000000 -100.000000 -80.000000 -60.000000 -40.000000 40.000000 60.000000 180.000000 200.000000 220.000000 240.000000 260.000000 280.000000 300.000000 320.000000 400.000000 420.000000 540.000000 
0.000000 0.135639 -0.870497 -0.004351 0.076380 0.012980 -0.030541 -0.035527 -0.049609 0.236133 0.441734 0.135639 -0.870497 -0.004351 0.076380 0.012980 -0.030541 -0.035527 -0.049609 0.236133 0.441734 0.135639 -0.870497 -0.004351 0.076380 0.012980 -0.030541 -0.035527 -0.049609 0.236133 0.441734 0.135639 
0.000000 -540.000000 -520.000000 -500.000000 -480.000000 -460.000000 -440.000000 -420.000000 -400.000000 -320.000000 -300.000000 -180.000000 -160.000000 -140.000000 -120.000000 -100.000000 -80.000000 -60.000000 -40.000000 40.000000 60.000000 180.000000 200.000000 220.000000 240.000000 260.000000 280.000000 300.000000 320.000000 400.000000 420.000000 540.000000 
0.000000 0.142877 -0.896014 -0.004655 0.065875 0.005723 -0.028908 -0.039076 -0.048672 0.231685 0.436741 0.142877 -0.896014 -0.004655 0.065875 0.005723 -0.028908 -0.039076 -0.048672 0.231685 0.436741 0.142877 -0.896014 -0.004655 0.065875 0.005723 -0.028908 -0.039076 -0.048672 0.231685 0.436741 0.142877 
0.000000 -540.000000 -520.000000 -500.000000 -480.000000 -460.000000 -440.000000 -420.000000 -400.000000 -320.000000 -300.000000 -180.000000 -160.000000 -140.000000 -120.000000 -100.000000 -80.000000 -60.000000 -40.000000 40.000000 60.000000 180.000000 200.000000 220.000000 240.000000 260.000000 280.000000 300.000000 320.000000 400.000000 420.000000 540.000000 
0.000000 -0.076217 -0.199677 -0.163587 -0.101243 -0.032833 0.008414 -0.073974 -0.136302 0.088296 -0.126575 -0.076217 -0.199677 -0.163587 -0.101243 -0.032833 0.008414 -0.073974 -0.136302 0.088296 -0.126575 -0.076217 -0.199677 -0.163587 -0.101243 -0.032833 0.008414 -0.073974 -0.136302 0.088296 -0.126575 -0.076217 
0.000000 -540.000000 -520.000000 -500.000000 -480.000000 -460.000000 -440.000000 -420.000000 -400.000000 -320.000000 -300.000000 -180.000000 -160.000000 -140.000000 -120.000000 -100.000000 -80.000000 -60.000000 -40.000000 40.000000 60.000000 180.000000 200.000000 220.000000 240.000000 260.000000 280.000000 300.000000 320.000000 400.000000 420.000000 540.000000 
0.000000 -0.075743 -0.199057 -0.163275 -0.100912 -0.032397 0.008913 -0.074438 -0.136324 0.088395 -0.126450 -0.075743 -0.199057 -0.163275 -0.100912 -0.032397 0.008913 -0.074438 -0.136324 0.088395 -0.126450 -0.075743 -0.199057 -0.163275 -0.100912 -0.032397 0.008913 -0.074438 -0.136324 0.088395 -0.126450 -0.075743 
0.000000 -540.000000 -520.000000 -500.000000 -480.000000 -460.000000 -440.000000 -420.000000 -400.000000 -320.000000 -300.000000 -180.000000 -160.000000 -140.000000 -120.000000 -100.000000 -80.000000 -60.000000 -40.000000 40.000000 60.000000 180.000000 200.000000 220.000000 240.000000 260.000000 280.000000 300.000000 320.000000 400.000000 420.000000 540.000000 
0.000000 -0.091888 -0.219967 -0.173869 -0.112775 -0.048416 -0.008856 -0.061056 -0.135428 0.084776 -0.130547 -0.091888 -0.219967 -0.173869 -0.112775 -0.048416 -0.008856 -0.061056 -0.135428 0.084776 -0.130547 -0.091888 -0.219967 -0.173869 -0.112775 -0.048416 -0.008856 -0.061056 -0.135428 0.084776 -0.130547 -0.091888 
0.000000 -540.000000 -520.000000 -500.000000 -480.000000 -460.000000 -440.000000 -420.000000 -400.000000 -320.000000 -300.000000 -180.000000 -160.000000 -140.000000 -120.000000 -100.000000 -80.000000 -60.000000 -40.000000 40.000000 60.000000 180.000000 200.000000 220.000000 240.000000 260.000000 280.000000 300.000000 320.000000 400.000000 420.000000 540.000000 
0.000000 -0.090157 -0.217793 -0.172744 -0.111429 -0.046556 -0.006869 -0.062203 -0.135539 0.085191 -0.130124 -0.090157 -0.217793 -0.172744 -0.111429 -0.046556 -0.006869 -0.062203 -0.135539 0.085191 -0.130124 -0.090157 -0.217793 -0.172744 -0.111429 -0.046556 -0.006869 -0.062203 -0.135539 0.085191 -0.130124 -0.090157 
0.000000 -540.000000 -520.000000 -500.000000 -480.000000 -460.000000 -440.000000 -420.000000 -400.000000 -320.000000 -300.000000 -180.000000 -160.000000 -140.000000 -120.000000 -100.000000 -80.000000 -60.000000 -40.000000 40.000000 60.000000 180.000000 200.000000 220.000000 240.000000 260.000000 280.000000 300.000000 320.000000 400.000000 420.000000 540.000000 
0.000000 -0.171279 -0.249182 -0.224138 -0.190714 -0.150223 -0.119291 -0.138425 -0.129673 0.048164 -0.130503 -0.171279 -0.249182 -0.224138 -0.190714 -0.150223 -0.119291 -0.138425 -0.129673 0.048164 -0.130503 -0.171279 -0.249182 -0.224138 -0.190714 -0.150223 -0.119291 -0.138425 -0.129673 0.048164 -0.130503 -0.171279 
0.000000 -540.000000 -520.000000 -500.000000 -480.000000 -460.000000 -440.000000 -420.000000 -400.000000 -320.000000 -300.000000 -180.000000 -160.000000 -140.000000 -120.000000 -100.000000 -80.000000 -60.000000 -40.000000 40.000000 60.000000 180.000000 200.000000 220.000000 240.000000 260.000000 280.000000 300.000000 320.000000 400.000000 420.000000 540.000000 
0.000000 -0.184704 -0.211683 -0.231446 -0.187653 -0.133720 -0.123299 -0.152441 -0.126982 0.031723 -0.112983 -0.184704 -0.211683 -0.231446 -0.187653 -0.133720 -0.123299 -0.152441 -0.126982 0.031723 -0.112983 -0.184704 -0.211683 -0.231446 -0.187653 -0.133720 -0.123299 -0.152441 -0.126982 0.031723 -0.112983 -0.184704 
0.000000 -540.000000 -520.000000 -500.000000 -480.000000 -460.000000 -440.000000 -420.000000 -400.000000 -320.000000 -300.000000 -180.000000 -160.000000 -140.000000 -120.000000 -100.000000 -80.000000 -60.000000 -40.000000 40.000000 60.000000 180.000000 200.000000 220.000000 240.000000 260.000000 280.000000 300.000000 320.000000 400.000000 420.000000 540.000000 
0.000000 -0.099924 -0.229633 -0.179032 -0.119333 -0.057623 -0.018366 -0.056871 -0.134852 0.082748 -0.132445 -0.099924 -0.229633 -0.179032 -0.119333 -0.057623 -0.018366 -0.056871 -0.134852 0.082748 -0.132445 -0.099924 -0.229633 -0.179032 -0.119333 -0.057623 -0.018366 -0.056871 -0.134852 0.082748 -0.132445 -0.099924 
0.000000 -540.000000 -520.000000 -500.000000 -480.000000 -460.000000 -440.000000 -420.000000 -400.000000 -320.000000 -300.000000 -180.000000 -160.000000 -140.000000 -120.000000 -100.000000 -80.000000 -60.000000 -40.000000 40.000000 60.000000 180.000000 200.000000 220.000000 240.000000 260.000000 280.000000 300.000000 320.000000 400.000000 420.000000 540.000000 
0.000000 -0.104671 -0.234981 -0.182036 -0.123455 -0.063508 -0.024214 -0.055342 -0.134468 0.081460 -0.133509 -0.104671 -0.234981 -0.182036 -0.123455 -0.063508 -0.024214 -0.055342 -0.134468 0.081460 -0.133509 -0.104671 -0.234981 -0.182036 -0.123455 -0.063508 -0.024214 -0.055342 -0.134468 0.081460 -0.133509 -0.104671 
0.000000 -540.000000 -520.000000 -500.000000 -480.000000 -460.000000 -440.000000 -420.000000 -400.000000 -320.000000 -300.000000 -180.000000 -160.000000 -140.000000 -120.000000 -100.000000 -80.000000 -60.000000 -40.000000 40.000000 60.000000 180.000000 200.000000 220.000000 240.000000 260.000000 280.000000 300.000000 320.000000 400.000000 420.000000 540.000000 
0.000000 0.110438 -0.781326 -0.001202 0.102636 0.039866 -0.029986 -0.027708 -0.052052 0.252016 0.453760 0.110438 -0.781326 -0.001202 0.102636 0.039866 -0.029986 -0.027708 -0.052052 0.252016 0.453760 0.110438 -0.781326 -0.001202 0.102636 0.039866 -0.029986 -0.027708 -0.052052 0.252016 0.453760 0.110438 
0.000000 -540.000000 -520.000000 -500.000000 -480.000000 -460.000000 -440.000000 -420.000000 -400.000000 -320.000000 -300.000000 -180.000000 -160.000000 -140.000000 -120.000000 -100.000000 -80.000000 -60.000000 -40.000000 40.000000 60.000000 180.000000 200.000000 220.000000 240.000000 260.000000 280.000000 300.000000 320.000000 400.000000 420.000000 540.000000 
0.000000 -0.182126 -0.222656 -0.230751 -0.190480 -0.139986 -0.125131 -0.155058 -0.128390 0.035736 -0.118006 -0.182126 -0.222656 -0.230751 -0.190480 -0.139986 -0.125131 -0.155058 -0.128390 0.035736 -0.118006 -0.182126 -0.222656 -0.230751 -0.190480 -0.139986 -0.125131 -0.155058 -0.128390 0.035736 -0.118006 -0.182126 
0.000000 -540.000000 -520.000000 -500.000000 -480.000000 -460.000000 -440.000000 -420.000000 -400.000000 -320.000000 -300.000000 -180.000000 -160.000000 -140.000000 -120.000000 -100.000000 -80.000000 -60.000000 -40.000000 40.000000 60.000000 180.000000 200.000000 220.000000 240.000000 260.000000 280.000000 300.000000 320.000000 400.000000 420.000000 540.000000 
0.000000 -0.114489 -0.245034 -0.188145 -0.132581 -0.076728 -0.036883 -0.054670 -0.133576 0.078546 -0.135527 -0.114489 -0.245034 -0.188145 -0.132581 -0.076728 -0.036883 -0.054670 -0.133576 0.078546 -0.135527 -0.114489 -0.245034 -0.188145 -0.132581 -0.076728 -0.036883 -0.054670 -0.133576 0.078546 -0.135527 -0.114489 
0.000000 -540.000000 -520.000000 -500.000000 -480.000000 -460.000000 -440.000000 -420.000000 -400.000000 -320.000000 -300.000000 -180.000000 -160.000000 -140.000000 -120.000000 -100.000000 -80.000000 -60.000000 -40.000000 40.000000 60.000000 180.000000 200.000000 220.000000 240.000000 260.000000 280.000000 300.000000 320.000000 400.000000 420.000000 540.000000 
0.000000 -0.008182 -0.371622 0.005886 0.093762 0.086118 -0.026599 -0.042412 0.202391 0.342807 0.409869 -0.008182 -0.371622 0.005886 0.093762 0.086118 -0.026599 -0.042412 0.202391 0.342807 0.409869 -0.008182 -0.371622 0.005886 0.093762 0.086118 -0.026599 -0.042412 0.202391 0.342807 0.409869 -0.008182 
0.000000 -540.000000 -520.000000 -500.000000 -480.000000 -460.000000 -440.000000 -420.000000 -400.000000 -320.000000 -300.000000 -180.000000 -160.000000 -140.000000 -120.000000 -100.000000 -80.000000 -60.000000 -40.000000 40.000000 60.000000 180.000000 200.000000 220.000000 240.000000 260.000000 280.000000 300.000000 320.000000 400.000000 420.000000 540.000000 
0.000000 -0.084107 -0.138106 -0.092669 0.000382 0.035327 0.001366 0.085754 0.233397 0.395333 0.352220 -0.084107 -0.138106 -0.092669 0.000382 0.035327 0.001366 0.085754 0.233397 0.395333 0.352220 -0.084107 -0.138106 -0.092669 0.000382 0.035327 0.001366 0.085754 0.233397 0.395333 0.352220 -0.084107 
0.000000 -540.000000 -520.000000 -500.000000 -480.000000 -460.000000 -440.000000 -420.000000 -400.000000 -320.000000 -300.000000 -180.000000 -160.000000 -140.000000 -120.000000 -100.000000 -80.000000 -60.000000 -40.000000 40.000000 60.000000 180.000000 200.000000 220.000000 240.000000 260.000000 280.000000 300.000000 320.000000 400.000000 420.000000 540.000000 
0.000000 -0.174594 -0.243371 -0.226461 -0.191951 -0.149158 -0.122496 -0.145915 -0.129668 0.044897 -0.127697 -0.174594 -0.243371 -0.226461 -0.191951 -0.149158 -0.122496 -0.145915 -0.129668 0.044897 -0.127697 -0.174594 -0.243371 -0.226461 -0.191951 -0.149158 -0.122496 -0.145915 -0.129668 0.044897 -0.127697 -0.174594 
0.000000 -540.000000 -520.000000 -500.000000 -480.000000 -460.000000 -440.000000 -420.000000 -400.000000 -320.000000 -300.000000 -180.000000 -160.000000 -140.000000 -120.000000 -100.000000 -80.000000 -60.000000 -40.000000 40.000000 60.000000 180.000000 200.000000 220.000000 240.000000 260.000000 280.000000 300.000000 320.000000 400.000000 420.000000 540.000000 
0.000000 -0.152628 -0.263278 -0.211252 -0.174342 -0.136041 -0.093125 -0.093643 -0.129702 0.062026 -0.138006 -0.152628 -0.263278 -0.211252 -0.174342 -0.136041 -0.093125 -0.093643 -0.129702 0.062026 -0.138006 -0.152628 -0.263278 -0.211252 -0.174342 -0.136041 -0.093125 -0.093643 -0.129702 0.062026 -0.138006 -0.152628 
0.000000 -540.000000 -520.000000 -500.000000 -480.000000 -460.000000 -440.000000 -420.000000 -400.000000 -320.000000 -300.000000 -180.000000 -160.000000 -140.000000 -120.000000 -100.000000 -80.000000 -60.000000 -40.000000 40.000000 60.000000 180.000000 200.000000 220.000000 240.000000 260.000000 280.000000 300.000000 320.000000 400.000000 420.000000 540.000000 
0.000000 -0.192938 -0.132491 -0.222140 -0.152305 -0.085738 -0.082519 -0.056917 -0.105908 0.008777 -0.076661 -0.192938 -0.132491 -0.222140 -0.152305 -0.085738 -0.082519 -0.056917 -0.105908 0.008777 -0.076661 -0.192938 -0.132491 -0.222140 -0.152305 -0.085738 -0.082519 -0.056917 -0.105908 0.008777 -0.076661 -0.192938 
0.000000 -540.000000 -520.000000 -500.000000 -480.000000 -460.000000 -440.000000 -420.000000 -400.000000 -320.000000 -300.000000 -180.000000 -160.000000 -140.000000 -120.000000 -100.000000 -80.000000 -60.000000 -40.000000 40.000000 60.000000 180.000000 200.000000 220.000000 240.000000 260.000000 280.000000 300.000000 320.000000 400.000000 420.000000 540.000000 
0.000000 -0.174762 -0.243034 -0.226575 -0.191991 -0.149064 -0.122635 -0.146263 -0.129663 0.044721 -0.127536 -0.174762 -0.243034 -0.226575 -0.191991 -0.149064 -0.122635 -0.146263 -0.129663 0.044721 -0.127536 -0.174762 -0.243034 -0.226575 -0.191991 -0.149064 -0.122635 -0.146263 -0.129663 0.044721 -0.127536 -0.174762 
0.000000 -540.000000 -520.000000 -500.000000 -480.000000 -460.000000 -440.000000 -420.000000 -400.000000 -320.000000 -300.000000 -180.000000 -160.000000 -140.000000 -120.000000 -100.000000 -80.000000 -60.000000 -40.000000 40.000000 60.000000 180.000000 200.000000 220.000000 240.000000 260.000000 280.000000 300.000000 320.000000 400.000000 420.000000 540.000000 
0.000000 -0.181472 -0.225031 -0.230483 -0.190949 -0.141262 -0.125294 -0.155048 -0.128632 0.036663 -0.119100 -0.181472 -0.225031 -0.230483 -0.190949 -0.141262 -0.125294 -0.155048 -0.128632 0.036663 -0.119100 -0.181472 -0.225031 -0.230483 -0.190949 -0.141262 -0.125294 -0.155048 -0.128632 0.036663 -0.119100 -0.181472 
0.000000 -540.000000 -520.000000 -500.000000 -480.000000 -460.000000 -440.000000 -420.000000 -400.000000 -320.000000 -300.000000 -180.000000 -160.000000 -140.000000 -120.000000 -100.000000 -80.000000 -60.000000 -40.000000 40.000000 60.000000 180.000000 200.000000 220.000000 240.000000 260.000000 280.000000 300.000000 320.000000 400.000000 420.000000 540.000000 
0.000000 -0.166756 -0.255022 -0.220874 -0.187912 -0.149556 -0.113850 -0.127145 -0.129540 0.052122 -0.133403 -0.166756 -0.255022 -0.220874 -0.187912 -0.149556 -0.113850 -0.127145 -0.129540 0.052122 -0.133403 -0.166756 -0.255022 -0.220874 -0.187912 -0.149556 -0.113850 -0.127145 -0.129540 0.052122 -0.133403 -0.166756 
0.000000 -540.000000 -520.000000 -500.000000 -480.000000 -460.000000 -440.000000 -420.000000 -400.000000 -320.000000 -300.000000 -180.000000 -160.000000 -140.000000 -120.000000 -100.000000 -80.000000 -60.000000 -40.000000 40.000000 60.000000 180.000000 200.000000 220.000000 240.000000 260.000000 280.000000 300.000000 320.000000 400.000000 420.000000 540.000000 
0.000000 -0.140709 -0.262423 -0.203954 -0.160705 -0.117627 -0.074608 -0.073193 -0.130774 0.068405 -0.138707 -0.140709 -0.262423 -0.203954 -0.160705 -0.117627 -0.074608 -0.073193 -0.130774 0.068405 -0.138707 -0.140709 -0.262423 -0.203954 -0.160705 -0.117627 -0.074608 -0.073193 -0.130774 0.068405 -0.138707 -0.140709 
0.000000 -540.000000 -520.000000 -500.000000 -480.000000 -460.000000 -440.000000 -420.000000 -400.000000 -320.000000 -300.000000 -180.000000 -160.000000 -140.000000 -120.000000 -100.000000 -80.000000 -60.000000 -40.000000 40.000000 60.000000 180.000000 200.000000 220.000000 240.000000 260.000000 280.000000 300.000000 320.000000 400.000000 420.000000 540.000000 
0.000000 -0.129917 -0.257323 -0.197498 -0.148549 -0.100102 -0.058420 -0.061527 -0.131957 0.073093 -0.137939 -0.129917 -0.257323 -0.197498 -0.148549 -0.100102 -0.058420 -0.061527 -0.131957 0.073093 -0.137939 -0.129917 -0.257323 -0.197498 -0.148549 -0.100102 -0.058420 -0.061527 -0.131957 0.073093 -0.137939 -0.129917 
0.000000 -540.000000 -520.000000 -500.000000 -480.000000 -460.000000 -440.000000 -420.000000 -400.000000 -320.000000 -300.000000 -180.000000 -160.000000 -140.000000 -120.000000 -100.000000 -80.000000 -60.000000 -40.000000 40.000000 60.000000 180.000000 200.000000 220.000000 240.000000 260.000000 280.000000 300.000000 320.000000 400.000000 420.000000 540.000000 
0.000000 -0.055317 -0.173390 -0.149914 -0.087015 -0.014644 0.029273 -0.097242 -0.137095 0.092407 -0.120778 -0.055317 -0.173390 -0.149914 -0.087015 -0.014644 0.029273 -0.097242 -0.137095 0.092407 -0.120778 -0.055317 -0.173390 -0.149914 -0.087015 -0.014644 0.029273 -0.097242 -0.137095 0.092407 -0.120778 -0.055317 
0.000000 -540.000000 -520.000000 -500.000000 -480.000000 -460.000000 -440.000000 -420.000000 -400.000000 -320.000000 -300.000000 -180.000000 -160.000000 -140.000000 -120.000000 -100.000000 -80.000000 -60.000000 -40.000000 40.000000 60.000000 180.000000 200.000000 220.000000 240.000000 260.000000 280.000000 300.000000 320.000000 400.000000 420.000000 540.000000 
0.000000 0.081920 -0.680538 0.004061 0.113871 0.061120 -0.030008 -0.044442 -0.026375 0.271028 0.458197 0.081920 -0.680538 0.004061 0.113871 0.061120 -0.030008 -0.044442 -0.026375 0.271028 0.458197 0.081920 -0.680538 0.004061 0.113871 0.061120 -0.030008 -0.044442 -0.026375 0.271028 0.458197 0.081920 
0.000000 -540.000000 -520.000000 -500.000000 -480.000000 -460.000000 -440.000000 -420.000000 -400.000000 -320.000000 -300.000000 -180.000000 -160.000000 -140.000000 -120.000000 -100.000000 -80.000000 -60.000000 -40.000000 40.000000 60.000000 180.000000 200.000000 220.000000 240.000000 260.000000 280.000000 300.000000 320.000000 400.000000 420.000000 540.000000 
0.000000 -0.165035 -0.256739 -0.219634 -0.186586 -0.148752 -0.111553 -0.122759 -0.129487 0.053507 -0.134281 -0.165035 -0.256739 -0.219634 -0.186586 -0.148752 -0.111553 -0.122759 -0.129487 0.053507 -0.134281 -0.165035 -0.256739 -0.219634 -0.186586 -0.148752 -0.111553 -0.122759 -0.129487 0.053507 -0.134281 -0.165035 
0.000000 -540.000000 -520.000000 -500.000000 -480.000000 -460.000000 -440.000000 -420.000000 -400.000000 -320.000000 -300.000000 -180.000000 -160.000000 -140.000000 -120.000000 -100.000000 -80.000000 -60.000000 -40.000000 40.000000 60.000000 180.000000 200.000000 220.000000 240.000000 260.000000 280.000000 300.000000 320.000000 400.000000 420.000000 540.000000 
0.000000 -0.065859 -0.190530 -0.055963 0.038179 0.067651 0.001998 0.083984 0.241024 0.397059 0.335018 -0.065859 -0.190530 -0.055963 0.038179 0.067651 0.001998 0.083984 0.241024 0.397059 0.335018 -0.065859 -0.190530 -0.055963 0.038179 0.067651 0.001998 0.083984 0.241024 0.397059 0.335018 -0.065859 
0.000000 -540.000000 -520.000000 -500.000000 -480.000000 -460.000000 -440.000000 -420.000000 -400.000000 -320.000000 -300.000000 -180.000000 -160.000000 -140.000000 -120.000000 -100.000000 -80.000000 -60.000000 -40.000000 40.000000 60.000000 180.000000 200.000000 220.000000 240.000000 260.000000 280.000000 300.000000 320.000000 400.000000 420.000000 540.000000 
0.000000 0.003881 -0.411603 0.009156 0.095865 0.078606 -0.034645 -0.076313 0.181192 0.331836 0.422254 0.003881 -0.411603 0.009156 0.095865 0.078606 -0.034645 -0.076313 0.181192 0.331836 0.422254 0.003881 -0.411603 0.009156 0.095865 0.078606 -0.034645 -0.076313 0.181192 0.331836 0.422254 0.003881 
0.000000 -540.000000 -520.000000 -500.000000 -480.000000 -460.000000 -440.000000 -420.000000 -400.000000 -320.000000 -300.000000 -180.000000 -160.000000 -140.000000 -120.000000 -100.000000 -80.000000 -60.000000 -40.000000 40.000000 60.000000 180.000000 200.000000 220.000000 240.000000 260.000000 280.000000 300.000000 320.000000 400.000000 420.000000 540.000000 
0.000000 0.083335 -0.685521 0.003797 0.113767 0.060522 -0.029767 -0.042659 -0.028851 0.270054 0.458196 0.083335 -0.685521 0.003797 0.113767 0.060522 -0.029767 -0.042659 -0.028851 0.270054 0.458196 0.083335 -0.685521 0.003797 0.113767 0.060522 -0.029767 -0.042659 -0.028851 0.270054 0.458196 0.083335 
0.000000 -540.000000 -520.000000 -500.000000 -480.000000 -460.000000 -440.000000 -420.000000 -400.000000 -320.000000 -300.000000 -180.000000 -160.000000 -140.000000 -120.000000 -100.000000 -80.000000 -60.000000 -40.000000 40.000000 60.000000 180.000000 200.000000 220.000000 240.000000 260.000000 280.000000 300.000000 320.000000 400.000000 420.000000 540.000000 
0.000000 0.112293 -0.787895 -0.001510 0.101235 0.037986 -0.030168 -0.027779 -0.052331 0.250821 0.453143 0.112293 -0.787895 -0.001510 0.101235 0.037986 -0.030168 -0.027779 -0.052331 0.250821 0.453143 0.112293 -0.787895 -0.001510 0.101235 0.037986 -0.030168 -0.027779 -0.052331 0.250821 0.453143 0.112293 
0.000000 -540.000000 -520.000000 -500.000000 -480.000000 -460.000000 -440.000000 -420.000000 -400.000000 -320.000000 -300.000000 -180.000000 -160.000000 -140.000000 -120.000000 -100.000000 -80.000000 -60.000000 -40.000000 40.000000 60.000000 180.000000 200.000000 220.000000 240.000000 260.000000 280.000000 300.000000 320.000000 400.000000 420.000000 540.000000 
0.000000 0.153538 -0.933430 -0.004606 0.048823 -0.005438 -0.025387 -0.043742 -0.048706 0.225195 0.428000 0.153538 -0.933430 -0.004606 0.048823 -0.005438 -0.025387 -0.043742 -0.048706 0.225195 0.428000 0.153538 -0.933430 -0.004606 0.048823 -0.005438 -0.025387 -0.043742 -0.048706 0.225195 0.428000 0.153538 
0.000000 -540.000000 -520.000000 -500.000000 -480.000000 -460.000000 -440.000000 -420.000000 -400.000000 -320.000000 -300.000000 -180.000000 -160.000000 -140.000000 -120.000000 -100.000000 -80.000000 -60.000000 -40.000000 40.000000 60.000000 180.000000 200.000000 220.000000 240.000000 260.000000 280.000000 300.000000 320.000000 400.000000 420.000000 540.000000 
0.000000 0.151199 -0.925241 -0.004655 0.052638 -0.002784 -0.026164 -0.042830 -0.048562 0.226614 0.430067 0.151199 -0.925241 -0.004655 0.052638 -0.002784 -0.026164 -0.042830 -0.048562 0.226614 0.430067 0.151199 -0.925241 -0.004655 0.052638 -0.002784 -0.026164 -0.042830 -0.048562 0.226614 0.430067 0.151199 
0.000000 -540.000000 -520.000000 -500.000000 -480.000000 -460.000000 -440.000000 -420.000000 -400.000000 -320.000000 -300.000000 -180.000000 -160.000000 -140.000000 -120.000000 -100.000000 -80.000000 -60.000000 -40.000000 40.000000 60.000000 180.000000 200.000000 220.000000 240.000000 260.000000 280.000000 300.000000 320.000000 400.000000 420.000000 540.000000 
0.000000 0.100169 -0.744975 0.000621 0.108899 0.049424 -0.029140 -0.029531 -0.047973 0.258716 0.456439 0.100169 -0.744975 0.000621 0.108899 0.049424 -0.029140 -0.029531 -0.047973 0.258716 0.456439 0.100169 -0.744975 0.000621 0.108899 0.049424 -0.029140 -0.029531 -0.047973 0.258716 0.456439 0.100169 
0.000000 -540.000000 -520.000000 -500.000000 -480.000000 -460.000000 -440.000000 -420.000000 -400.000000 -320.000000 -300.000000 -180.000000 -160.000000 -140.000000 -120.000000 -100.000000 -80.000000 -60.000000 -40.000000 40.000000 60.000000 180.000000 200.000000 220.000000 240.000000 260.000000 280.000000 300.000000 320.000000 400.000000 420.000000 540.000000 
0.000000 0.039362 -0.532072 0.010181 0.103820 0.065188 -0.042566 -0.108435 0.089589 0.302271 0.447591 0.039362 -0.532072 0.010181 0.103820 0.065188 -0.042566 -0.108435 0.089589 0.302271 0.447591 0.039362 -0.532072 0.010181 0.103820 0.065188 -0.042566 -0.108435 0.089589 0.302271 0.447591 0.039362 
0.000000 -540.000000 -520.000000 -500.000000 -480.000000 -460.000000 -440.000000 -420.000000 -400.000000 -320.000000 -300.000000 -180.000000 -160.000000 -140.000000 -120.000000 -100.000000 -80.000000 -60.000000 -40.000000 40.000000 60.000000 180.000000 200.000000 220.000000 240.000000 260.000000 280.000000 300.000000 320.000000 400.000000 420.000000 540.000000 
0.000000 -0.178296 0.025176 -0.263901 -0.174845 -0.125968 -0.023846 0.027794 0.029047 -0.029308 0.163836 -0.178296 0.025176 -0.263901 -0.174845 -0.125968 -0.023846 0.027794 0.029047 -0.029308 0.163836 -0.178296 0.025176 -0.263901 -0.174845 -0.125968 -0.023846 0.027794 0.029047 -0.029308 0.163836 -0.178296 
0.000000 -540.000000 -520.000000 -500.000000 -480.000000 -460.000000 -440.000000 -420.000000 -400.000000 -320.000000 -300.000000 -180.000000 -160.000000 -140.000000 -120.000000 -100.000000 -80.000000 -60.000000 -40.000000 40.000000 60.000000 180.000000 200.000000 220.000000 240.000000 260.000000 280.000000 300.000000 320.000000 400.000000 420.000000 540.000000 
0.000000 0.094191 -0.723838 0.001740 0.111393 0.054127 -0.028968 -0.032595 -0.043195 0.262689 0.457433 0.094191 -0.723838 0.001740 0.111393 0.054127 -0.028968 -0.032595 -0.043195 0.262689 0.457433 0.094191 -0.723838 0.001740 0.111393 0.054127 -0.028968 -0.032595 -0.043195 0.262689 0.457433 0.094191 
0.000000 -540.000000 -520.000000 -500.000000 -480.000000 -460.000000 -440.000000 -420.000000 -400.000000 -320.000000 -300.000000 -180.000000 -160.000000 -140.000000 -120.000000 -100.000000 -80.000000 -60.000000 -40.000000 40.000000 60.000000 180.000000 200.000000 220.000000 240.000000 260.000000 280.000000 300.000000 320.000000 400.000000 420.000000 540.000000 
0.000000 0.141863 -0.892444 -0.004632 0.067419 0.006720 -0.029198 -0.038585 -0.048755 0.232306 0.437485 0.141863 -0.892444 -0.004632 0.067419 0.006720 -0.029198 -0.038585 -0.048755 0.232306 0.437485 0.141863 -0.892444 -0.004632 0.067419 0.006720 -0.029198 -0.038585 -0.048755 0.232306 0.437485 0.141863 
0.000000 -540.000000 -520.000000 -500.000000 -480.000000 -460.000000 -440.000000 -420.000000 -400.000000 -320.000000 -300.000000 -180.000000 -160.000000 -140.000000 -120.000000 -100.000000 -80.000000 -60.000000 -40.000000 40.000000 60.000000 180.000000 200.000000 220.000000 240.000000 260.000000 280.000000 300.000000 320.000000 400.000000 420.000000 540.000000 
0.000000 0.061521 -0.608969 0.007581 0.111208 0.064859 -0.036064 -0.077687 0.022499 0.285513 0.455695 0.061521 -0.608969 0.007581 0.111208 0.064859 -0.036064 -0.077687 0.022499 0.285513 0.455695 0.061521 -0.608969 0.007581 0.111208 0.064859 -0.036064 -0.077687 0.022499 0.285513 0.455695 0.061521 
0.000000 -540.000000 -520.000000 -500.000000 -480.000000 -460.000000 -440.000000 -420.000000 -400.000000 -320.000000 -300.000000 -180.000000 -160.000000 -140.000000 -120.000000 -100.000000 -80.000000 -60.000000 -40.000000 40.000000 60.000000 180.000000 200.000000 220.000000 240.000000 260.000000 280.000000 300.000000 320.000000 400.000000 420.000000 540.000000 
0.000000 -0.190052 -0.174694 -0.228975 -0.172841 -0.110808 -0.108124 -0.119051 -0.119180 0.020258 -0.096337 -0.190052 -0.174694 -0.228975 -0.172841 -0.110808 -0.108124 -0.119051 -0.119180 0.020258 -0.096337 -0.190052 -0.174694 -0.228975 -0.172841 -0.110808 -0.108124 -0.119051 -0.119180 0.020258 -0.096337 -0.190052 
0.000000 -540.000000 -520.000000 -500.000000 -480.000000 -460.000000 -440.000000 -420.000000 -400.000000 -320.000000 -300.000000 -180.000000 -160.000000 -140.000000 -120.000000 -100.000000 -80.000000 -60.000000 -40.000000 40.000000 60.000000 180.000000 200.000000 220.000000 240.000000 260.000000 280.000000 300.000000 320.000000 400.000000 420.000000 540.000000 
0.000000 -0.192447 -0.142638 -0.223852 -0.157225 -0.091434 -0.089023 -0.072811 -0.109461 0.011500 -0.081574 -0.192447 -0.142638 -0.223852 -0.157225 -0.091434 -0.089023 -0.072811 -0.109461 0.011500 -0.081574 -0.192447 -0.142638 -0.223852 -0.157225 -0.091434 -0.089023 -0.072811 -0.109461 0.011500 -0.081574 -0.192447 
0.000000 -540.000000 -520.000000 -500.000000 -480.000000 -460.000000 -440.000000 -420.000000 -400.000000 -320.000000 -300.000000 -180.000000 -160.000000 -140.000000 -120.000000 -100.000000 -80.000000 -60.000000 -40.000000 40.000000 60.000000 180.000000 200.000000 220.000000 240.000000 260.000000 280.000000 300.000000 320.000000 400.000000 420.000000 540.000000 
0.000000 -0.148700 -0.263655 -0.208801 -0.169907 -0.130300 -0.087004 -0.086001 -0.130000 0.064295 -0.138474 -0.148700 -0.263655 -0.208801 -0.169907 -0.130300 -0.087004 -0.086001 -0.130000 0.064295 -0.138474 -0.148700 -0.263655 -0.208801 -0.169907 -0.130300 -0.087004 -0.086001 -0.130000 0.064295 -0.138474 -0.148700 
0.000000 -540.000000 -520.000000 -500.000000 -480.000000 -460.000000 -440.000000 -420.000000 -400.000000 -320.000000 -300.000000 -180.000000 -160.000000 -140.000000 -120.000000 -100.000000 -80.000000 -60.000000 -40.000000 40.000000 60.000000 180.000000 200.000000 220.000000 240.000000 260.000000 280.000000 300.000000 320.000000 400.000000 420.000000 540.000000 
0.000000 -0.091118 -0.219004 -0.173369 -0.112173 -0.047583 -0.007970 -0.061556 -0.135478 0.084961 -0.130359 -0.091118 -0.219004 -0.173369 -0.112173 -0.047583 -0.007970 -0.061556 -0.135478 0.084961 -0.130359 -0.091118 -0.219004 -0.173369 -0.112173 -0.047583 -0.007970 -0.061556 -0.135478 0.084961 -0.130359 -0.091118 
0.000000 -540.000000 -520.000000 -500.000000 -480.000000 -460.000000 -440.000000 -420.000000 -400.000000 -320.000000 -300.000000 -180.000000 -160.000000 -140.000000 -120.000000 -100.000000 -80.000000 -60.000000 -40.000000 40.000000 60.000000 180.000000 200.000000 220.000000 240.000000 260.000000 280.000000 300.000000 320.000000 400.000000 420.000000 540.000000 
0.000000 -0.157245 -0.261873 -0.214238 -0.179322 -0.141982 -0.100233 -0.103707 -0.129471 0.059115 -0.137072 -0.157245 -0.261873 -0.214238 -0.179322 -0.141982 -0.100233 -0.103707 -0.129471 0.059115 -0.137072 -0.157245 -0.261873 -0.214238 -0.179322 -0.141982 -0.100233 -0.103707 -0.129471 0.059115 -0.137072 -0.157245 
0.000000 -540.000000 -520.000000 -500.000000 -480.000000 -460.000000 -440.000000 -420.000000 -400.000000 -320.000000 -300.000000 -180.000000 -160.000000 -140.000000 -120.000000 -100.000000 -80.000000 -60.000000 -40.000000 40.000000 60.000000 180.000000 200.000000 220.000000 240.000000 260.000000 280.000000 300.000000 320.000000 400.000000 420.000000 540.000000 
0.000000 -0.168921 -0.252488 -0.222440 -0.189389 -0.150152 -0.116577 -0.132623 -0.129611 0.050291 -0.132132 -0.168921 -0.252488 -0.222440 -0.189389 -0.150152 -0.116577 -0.132623 -0.129611 0.050291 -0.132132 -0.168921 -0.252488 -0.222440 -0.189389 -0.150152 -0.116577 -0.132623 -0.129611 0.050291 -0.132132 -0.168921 
0.000000 -540.000000 -520.000000 -500.000000 -480.000000 -460.000000 -440.000000 -420.000000 -400.000000 -320.000000 -300.000000 -180.000000 -160.000000 -140.000000 -120.000000 -100.000000 -80.000000 -60.000000 -40.000000 40.000000 60.000000 180.000000 200.000000 220.000000 240.000000 260.000000 280.000000 300.000000 320.000000 400.000000 420.000000 540.000000 
0.000000 -0.159623 -0.260706 -0.215836 -0.181724 -0.144546 -0.103808 -0.109297 -0.129423 0.057504 -0.136400 -0.159623 -0.260706 -0.215836 -0.181724 -0.144546 -0.103808 -0.109297 -0.129423 0.057504 -0.136400 -0.159623 -0.260706 -0.215836 -0.181724 -0.144546 -0.103808 -0.109297 -0.129423 0.057504 -0.136400 -0.159623 
0.000000 -540.000000 -520.000000 -500.000000 -480.000000 -460.000000 -440.000000 -420.000000 -400.000000 -320.000000 -300.000000 -180.000000 -160.000000 -140.000000 -120.000000 -100.000000 -80.000000 -60.000000 -40.000000 40.000000 60.000000 180.000000 200.000000 220.000000 240.000000 260.000000 280.000000 300.000000 320.000000 400.000000 420.000000 540.000000 
0.000000 0.072907 -0.648840 0.005702 0.113537 0.063717 -0.032239 -0.057975 -0.007433 0.277327 0.457671 0.072907 -0.648840 0.005702 0.113537 0.063717 -0.032239 -0.057975 -0.007433 0.277327 0.457671 0.072907 -0.648840 0.005702 0.113537 0.063717 -0.032239 -0.057975 -0.007433 0.277327 0.457671 0.072907 
0.000000 -540.000000 -520.000000 -500.000000 -480.000000 -460.000000 -440.000000 -420.000000 -400.000000 -320.000000 -300.000000 -180.000000 -160.000000 -140.000000 -120.000000 -100.000000 -80.000000 -60.000000 -40.000000 40.000000 60.000000 180.000000 200.000000 220.000000 240.000000 260.000000 280.000000 300.000000 320.000000 400.000000 420.000000 540.000000 
0.000000 0.085590 -0.693471 0.003372 0.113503 0.059450 -0.029455 -0.040050 -0.032494 0.268507 0.458148 0.085590 -0.693471 0.003372 0.113503 0.059450 -0.029455 -0.040050 -0.032494 0.268507 0.458148 0.085590 -0.693471 0.003372 0.113503 0.059450 -0.029455 -0.040050 -0.032494 0.268507 0.458148 0.085590 
0.000000 -540.000000 -520.000000 -500.000000 -480.000000 -460.000000 -440.000000 -420.000000 -400.000000 -320.000000 -300.000000 -180.000000 -160.000000 -140.000000 -120.000000 -100.000000 -80.000000 -60.000000 -40.000000 40.000000 60.000000 180.000000 200.000000 220.000000 240.000000 260.000000 280.000000 300.000000 320.000000 400.000000 420.000000 540.000000 
0.000000 -0.171849 -0.248287 -0.224545 -0.190984 -0.150142 -0.119898 -0.139783 -0.129682 0.047626 -0.130067 -0.171849 -0.248287 -0.224545 -0.190984 -0.150142 -0.119898 -0.139783 -0.129682 0.047626 -0.130067 -0.171849 -0.248287 -0.224545 -0.190984 -0.150142 -0.119898 -0.139783 -0.129682 0.047626 -0.130067 -0.171849 
0.000000 -540.000000 -520.000000 -500.000000 -480.000000 -460.000000 -440.000000 -420.000000 -400.000000 -320.000000 -300.000000 -180.000000 -160.000000 -140.000000 -120.000000 -100.000000 -80.000000 -60.000000 -40.000000 40.000000 60.000000 180.000000 200.000000 220.000000 240.000000 260.000000 280.000000 300.000000 320.000000 400.000000 420.000000 540.000000 
0.000000 -0.024034 -0.320022 -0.002429 0.088101 0.093197 -0.015079 0.006626 0.222995 0.358069 0.390362 -0.024034 -0.320022 -0.002429 0.088101 0.093197 -0.015079 0.006626 0.222995 0.358069 0.390362 -0.024034 -0.320022 -0.002429 0.088101 0.093197 -0.015079 0.006626 0.222995 0.358069 0.390362 -0.024034 
0.000000 -540.000000 -520.000000 -500.000000 -480.000000 -460.000000 -440.000000 -420.000000 -400.000000 -320.000000 -300.000000 -180.000000 -160.000000 -140.000000 -120.000000 -100.000000 -80.000000 -60.000000 -40.000000 40.000000 60.000000 180.000000 200.000000 220.000000 240.000000 260.000000 280.000000 300.000000 320.000000 400.000000 420.000000 540.000000 
0.000000 0.115451 -0.799079 -0.002014 0.098661 0.034706 -0.030469 -0.028142 -0.052546 0.248798 0.451998 0.115451 -0.799079 -0.002014 0.098661 0.034706 -0.030469 -0.028142 -0.052546 0.248798 0.451998 0.115451 -0.799079 -0.002014 0.098661 0.034706 -0.030469 -0.028142 -0.052546 0.248798 0.451998 0.115451 
0.000000 -540.000000 -520.000000 -500.000000 -480.000000 -460.000000 -440.000000 -420.000000 -400.000000 -320.000000 -300.000000 -180.000000 -160.000000 -140.000000 -120.000000 -100.000000 -80.000000 -60.000000 -40.000000 40.000000 60.000000 180.000000 200.000000 220.000000 240.000000 260.000000 280.000000 300.000000 320.000000 400.000000 420.000000 540.000000 
0.000000 0.159106 -0.952867 -0.004439 0.039814 -0.012649 -0.023825 -0.045510 -0.049340 0.221823 0.422726 0.159106 -0.952867 -0.004439 0.039814 -0.012649 -0.023825 -0.045510 -0.049340 0.221823 0.422726 0.159106 -0.952867 -0.004439 0.039814 -0.012649 -0.023825 -0.045510 -0.049340 0.221823 0.422726 0.159106 
0.000000 -540.000000 -520.000000 -500.000000 -480.000000 -460.000000 -440.000000 -420.000000 -400.000000 -320.000000 -300.000000 -180.000000 -160.000000 -140.000000 -120.000000 -100.000000 -80.000000 -60.000000 -40.000000 40.000000 60.000000 180.000000 200.000000 220.000000 240.000000 260.000000 280.000000 300.000000 320.000000 400.000000 420.000000 540.000000 
0.000000 0.140919 -0.889118 -0.004605 0.068838 0.007649 -0.029454 -0.038124 -0.048847 0.232884 0.438164 0.140919 -0.889118 -0.004605 0.068838 0.007649 -0.029454 -0.038124 -0.048847 0.232884 0.438164 0.140919 -0.889118 -0.004605 0.068838 0.007649 -0.029454 -0.038124 -0.048847 0.232884 0.438164 0.140919 
0.000000 -540.000000 -520.000000 -500.000000 -480.000000 -460.000000 -440.000000 -420.000000 -400.000000 -320.000000 -300.000000 -180.000000 -160.000000 -140.000000 -120.000000 -100.000000 -80.000000 -60.000000 -40.000000 40.000000 60.000000 180.000000 200.000000 220.000000 240.000000 260.000000 280.000000 300.000000 320.000000 400.000000 420.000000 540.000000 
0.000000 0.137522 -0.877139 -0.004462 0.073774 0.011045 -0.030226 -0.036452 -0.049290 0.234972 0.440506 0.137522 -0.877139 -0.004462 0.073774 0.011045 -0.030226 -0.036452 -0.049290 0.234972 0.440506 0.137522 -0.877139 -0.004462 0.073774 0.011045 -0.030226 -0.036452 -0.049290 0.234972 0.440506 0.137522 
0.000000 -540.000000 -520.000000 -500.000000 -480.000000 -460.000000 -440.000000 -420.000000 -400.000000 -320.000000 -300.000000 -180.000000 -160.000000 -140.000000 -120.000000 -100.000000 -80.000000 -60.000000 -40.000000 40.000000 60.000000 180.000000 200.000000 220.000000 240.000000 260.000000 280.000000 300.000000 320.000000 400.000000 420.000000 540.000000 
0.000000 0.142673 -0.895295 -0.004651 0.066188 0.005924 -0.028967 -0.038978 -0.048688 0.231810 0.436892 0.142673 -0.895295 -0.004651 0.066188 0.005924 -0.028967 -0.038978 -0.048688 0.231810 0.436892 0.142673 -0.895295 -0.004651 0.066188 0.005924 -0.028967 -0.038978 -0.048688 0.231810 0.436892 0.142673 
0.000000 -540.000000 -520.000000 -500.000000 -480.000000 -460.000000 -440.000000 -420.000000 -400.000000 -320.000000 -300.000000 -180.000000 -160.000000 -140.000000 -120.000000 -100.000000 -80.000000 -60.000000 -40.000000 40.000000 60.000000 180.000000 200.000000 220.000000 240.000000 260.000000 280.000000 300.000000 320.000000 400.000000 420.000000 540.000000 
0.000000 0.143611 -0.898597 -0.004669 0.064745 0.005001 -0.028688 -0.039429 -0.048622 0.231236 0.436194 0.143611 -0.898597 -0.004669 0.064745 0.005001 -0.028688 -0.039429 -0.048622 0.231236 0.436194 0.143611 -0.898597 -0.004669 0.064745 0.005001 -0.028688 -0.039429 -0.048622 0.231236 0.436194 0.143611 
0.000000 -540.000000 -520.000000 -500.000000 -480.000000 -460.000000 -440.000000 -420.000000 -400.000000 -320.000000 -300.000000 -180.000000 -160.000000 -140.000000 -120.000000 -100.000000 -80.000000 -60.000000 -40.000000 40.000000 60.000000 180.000000 200.000000 220.000000 240.000000 260.000000 280.000000 300.000000 320.000000 400.000000 420.000000 540.000000 
0.000000 0.130388 -0.851947 -0.003928 0.083165 0.018551 -0.031038 -0.033040 -0.050651 0.239386 0.444908 0.130388 -0.851947 -0.003928 0.083165 0.018551 -0.031038 -0.033040 -0.050651 0.239386 0.444908 0.130388 -0.851947 -0.003928 0.083165 0.018551 -0.031038 -0.033040 -0.050651 0.239386 0.444908 0.130388 
0.000000 -540.000000 -520.000000 -500.000000 -480.000000 -460.000000 -440.000000 -420.000000 -400.000000 -320.000000 -300.000000 -180.000000 -160.000000 -140.000000 -120.000000 -100.000000 -80.000000 -60.000000 -40.000000 40.000000 60.000000 180.000000 200.000000 220.000000 240.000000 260.000000 280.000000 300.000000 320.000000 400.000000 420.000000 540.000000 
0.000000 0.126068 -0.836666 -0.003470 0.088219 0.023244 -0.031107 -0.031202 -0.051506 0.242084 0.447249 0.126068 -0.836666 -0.003470 0.088219 0.023244 -0.031107 -0.031202 -0.051506 0.242084 0.447249 0.126068 -0.836666 -0.003470 0.088219 0.023244 -0.031107 -0.031202 -0.051506 0.242084 0.447249 0.126068 
0.000000 -540.000000 -520.000000 -500.000000 -480.000000 -460.000000 -440.000000 -420.000000 -400.000000 -320.000000 -300.000000 -180.000000 -160.000000 -140.000000 -120.000000 -100.000000 -80.000000 -60.000000 -40.000000 40.000000 60.000000 180.000000 200.000000 220.000000 240.000000 260.000000 280.000000 300.000000 320.000000 400.000000 420.000000 540.000000 
0.000000 0.119264 -0.812585 -0.002584 0.095229 0.030642 -0.030789 -0.028947 -0.052434 0.246371 0.450453 0.119264 -0.812585 -0.002584 0.095229 0.030642 -0.030789 -0.028947 -0.052434 0.246371 0.450453 0.119264 -0.812585 -0.002584 0.095229 0.030642 -0.030789 -0.028947 -0.052434 0.246371 0.450453 0.119264 
0.000000 -540.000000 -520.000000 -500.000000 -480.000000 -460.000000 -440.000000 -420.000000 -400.000000 -320.000000 -300.000000 -180.000000 -160.000000 -140.000000 -120.000000 -100.000000 -80.000000 -60.000000 -40.000000 40.000000 60.000000 180.000000 200.000000 220.000000 240.000000 260.000000 280.000000 300.000000 320.000000 400.000000 420.000000 540.000000 
0.000000 0.157426 -0.947013 -0.004495 0.042506 -0.010314 -0.024235 -0.045045 -0.049107 0.222839 0.424371 0.157426 -0.947013 -0.004495 0.042506 -0.010314 -0.024235 -0.045045 -0.049107 0.222839 0.424371 0.157426 -0.947013 -0.004495 0.042506 -0.010314 -0.024235 -0.045045 -0.049107 0.222839 0.424371 0.157426 
0.000000 -540.000000 -520.000000 -500.000000 -480.000000 -460.000000 -440.000000 -420.000000 -400.000000 -320.000000 -300.000000 -180.000000 -160.000000 -140.000000 -120.000000 -100.000000 -80.000000 -60.000000 -40.000000 40.000000 60.000000 180.000000 200.000000 220.000000 240.000000 260.000000 280.000000 300.000000 320.000000 400.000000 420.000000 540.000000 
0.000000 0.049445 -0.566932 0.009211 0.107371 0.064922 -0.040123 -0.097081 0.058505 0.294502 0.451984 0.049445 -0.566932 0.009211 0.107371 0.064922 -0.040123 -0.097081 0.058505 0.294502 0.451984 0.049445 -0.566932 0.009211 0.107371 0.064922 -0.040123 -0.097081 0.058505 0.294502 0.451984 0.049445 
0.000000 -540.000000 -520.000000 -500.000000 -480.000000 -460.000000 -440.000000 -420.000000 -400.000000 -320.000000 -300.000000 -180.000000 -160.000000 -140.000000 -120.000000 -100.000000 -80.000000 -60.000000 -40.000000 40.000000 60.000000 180.000000 200.000000 220.000000 240.000000 260.000000 280.000000 300.000000 320.000000 400.000000 420.000000 540.000000 
0.000000 0.118835 -0.811063 -0.002522 0.095633 0.031104 -0.030756 -0.028838 -0.052464 0.246644 0.450636 0.118835 -0.811063 -0.002522 0.095633 0.031104 -0.030756 -0.028838 -0.052464 0.246644 0.450636 0.118835 -0.811063 -0.002522 0.095633 0.031104 -0.030756 -0.028838 -0.052464 0.246644 0.450636 0.118835 
0.000000 -540.000000 -520.000000 -500.000000 -480.000000 -460.000000 -440.000000 -420.000000 -400.000000 -320.000000 -300.000000 -180.000000 -160.000000 -140.000000 -120.000000 -100.000000 -80.000000 -60.000000 -40.000000 40.000000 60.000000 180.000000 200.000000 220.000000 240.000000 260.000000 280.000000 300.000000 320.000000 400.000000 420.000000 540.000000 
0.000000 0.116927 -0.804308 -0.002240 0.097374 0.033144 -0.030600 -0.028409 -0.052547 0.247856 0.451421 0.116927 -0.804308 -0.002240 0.097374 0.033144 -0.030600 -0.028409 -0.052547 0.247856 0.451421 0.116927 -0.804308 -0.002240 0.097374 0.033144 -0.030600 -0.028409 -0.052547 0.247856 0.451421 0.116927 
0.000000 -540.000000 -520.000000 -500.000000 -480.000000 -460.000000 -440.000000 -420.000000 -400.000000 -320.000000 -300.000000 -180.000000 -160.000000 -140.000000 -120.000000 -100.000000 -80.000000 -60.000000 -40.000000 40.000000 60.000000 180.000000 200.000000 220.000000 240.000000 260.000000 280.000000 300.000000 320.000000 400.000000 420.000000 540.000000 
0.000000 0.149466 -0.919166 -0.004679 0.055453 -0.000919 -0.026757 -0.042105 -0.048503 0.227667 0.431543 0.149466 -0.919166 -0.004679 0.055453 -0.000919 -0.026757 -0.042105 -0.048503 0.227667 0.431543 0.149466 -0.919166 -0.004679 0.055453 -0.000919 -0.026757 -0.042105 -0.048503 0.227667 0.431543 0.149466 
0.000000 -540.000000 -520.000000 -500.000000 -480.000000 -460.000000 -440.000000 -420.000000 -400.000000 -320.000000 -300.000000 -180.000000 -160.000000 -140.000000 -120.000000 -100.000000 -80.000000 -60.000000 -40.000000 40.000000 60.000000 180.000000 200.000000 220.000000 240.000000 260.000000 280.000000 300.000000 320.000000 400.000000 420.000000 540.000000 
0.000000 0.111324 -0.784465 -0.001350 0.101977 0.038972 -0.030073 -0.027728 -0.052200 0.251445 0.453470 0.111324 -0.784465 -0.001350 0.101977 0.038972 -0.030073 -0.027728 -0.052200 0.251445 0.453470 0.111324 -0.784465 -0.001350 0.101977 0.038972 -0.030073 -0.027728 -0.052200 0.251445 0.453470 0.111324 
0.000000 -540.000000 -520.000000 -500.000000 -480.000000 -460.000000 -440.000000 -420.000000 -400.000000 -320.000000 -300.000000 -180.000000 -160.000000 -140.000000 -120.000000 -100.000000 -80.000000 -60.000000 -40.000000 40.000000 60.000000 180.000000 200.000000 220.000000 240.000000 260.000000 280.000000 300.000000 320.000000 400.000000 420.000000 540.000000 
0.000000 0.170504 -0.992325 -0.004095 0.023211 -0.034081 -0.023796 -0.046409 -0.051789 0.214927 0.410232 0.170504 -0.992325 -0.004095 0.023211 -0.034081 -0.023796 -0.046409 -0.051789 0.214927 0.410232 0.170504 -0.992325 -0.004095 0.023211 -0.034081 -0.023796 -0.046409 -0.051789 0.214927 0.410232 0.170504 
0.000000 -540.000000 -520.000000 -500.000000 -480.000000 -460.000000 -440.000000 -420.000000 -400.000000 -320.000000 -300.000000 -180.000000 -160.000000 -140.000000 -120.000000 -100.000000 -80.000000 -60.000000 -40.000000 40.000000 60.000000 180.000000 200.000000 220.000000 240.000000 260.000000 280.000000 300.000000 320.000000 400.000000 420.000000 540.000000 
0.000000 -0.193764 -0.103630 -0.217763 -0.139246 -0.071364 -0.063694 -0.011197 -0.094509 0.000912 -0.061675 -0.193764 -0.103630 -0.217763 -0.139246 -0.071364 -0.063694 -0.011197 -0.094509 0.000912 -0.061675 -0.193764 -0.103630 -0.217763 -0.139246 -0.071364 -0.063694 -0.011197 -0.094509 0.000912 -0.061675 -0.193764 
0.000000 -540.000000 -520.000000 -500.000000 -480.000000 -460.000000 -440.000000 -420.000000 -400.000000 -320.000000 -300.000000 -180.000000 -160.000000 -140.000000 -120.000000 -100.000000 -80.000000 -60.000000 -40.000000 40.000000 60.000000 180.000000 200.000000 220.000000 240.000000 260.000000 280.000000 300.000000 320.000000 400.000000 420.000000 540.000000 
0.000000 0.046227 -0.555780 0.009564 0.106241 0.064937 -0.041038 -0.101344 0.068427 0.296955 0.450711 0.046227 -0.555780 0.009564 0.106241 0.064937 -0.041038 -0.101344 0.068427 0.296955 0.450711 0.046227 -0.555780 0.009564 0.106241 0.064937 -0.041038 -0.101344 0.068427 0.296955 0.450711 0.046227 
0.000000 -540.000000 -520.000000 -500.000000 -480.000000 -460.000000 -440.000000 -420.000000 -400.000000 -320.000000 -300.000000 -180.000000 -160.000000 -140.000000 -120.000000 -100.000000 -80.000000 -60.000000 -40.000000 40.000000 60.000000 180.000000 200.000000 220.000000 240.000000 260.000000 280.000000 300.000000 320.000000 400.000000 420.000000 540.000000 
0.000000 0.109528 -0.778106 -0.001049 0.103292 0.040773 -0.029898 -0.027714 -0.051870 0.252603 0.454047 0.109528 -0.778106 -0.001049 0.103292 0.040773 -0.029898 -0.027714 -0.051870 0.252603 0.454047 0.109528 -0.778106 -0.001049 0.103292 0.040773 -0.029898 -0.027714 -0.051870 0.252603 0.454047 0.109528 
0.000000 -540.000000 -520.000000 -500.000000 -480.000000 -460.000000 -440.000000 -420.000000 -400.000000 -320.000000 -300.000000 -180.000000 -160.000000 -140.000000 -120.000000 -100.000000 -80.000000 -60.000000 -40.000000 40.000000 60.000000 180.000000 200.000000 220.000000 240.000000 260.000000 280.000000 300.000000 320.000000 400.000000 420.000000 540.000000 
0.000000 -0.119249 -0.249339 -0.191059 -0.137300 -0.083628 -0.043313 -0.055677 -0.133100 0.076992 -0.136390 -0.119249 -0.249339 -0.191059 -0.137300 -0.083628 -0.043313 -0.055677 -0.133100 0.076992 -0.136390 -0.119249 -0.249339 -0.191059 -0.137300 -0.083628 -0.043313 -0.055677 -0.133100 0.076992 -0.136390 -0.119249 
0.000000 -540.000000 -520.000000 -500.000000 -480.000000 -460.000000 -440.000000 -420.000000 -400.000000 -320.000000 -300.000000 -180.000000 -160.000000 -140.000000 -120.000000 -100.000000 -80.000000 -60.000000 -40.000000 40.000000 60.000000 180.000000 200.000000 220.000000 240.000000 260.000000 280.000000 300.000000 320.000000 400.000000 420.000000 540.000000 
0.000000 0.005257 -0.137131 -0.115022 -0.041284 0.039449 0.077078 -0.177478 -0.137844 0.102591 -0.100371 0.005257 -0.137131 -0.115022 -0.041284 0.039449 0.077078 -0.177478 -0.137844 0.102591 -0.100371 0.005257 -0.137131 -0.115022 -0.041284 0.039449 0.077078 -0.177478 -0.137844 0.102591 -0.100371 0.005257 
0.000000 -540.000000 -520.000000 -500.000000 -480.000000 -460.000000 -440.000000 -420.000000 -400.000000 -320.000000 -300.000000 -180.000000 -160.000000 -140.000000 -120.000000 -100.000000 -80.000000 -60.000000 -40.000000 40.000000 60.000000 180.000000 200.000000 220.000000 240.000000 260.000000 280.000000 300.000000 320.000000 400.000000 420.000000 540.000000 
0.000000 -0.189539 -0.179643 -0.229624 -0.175143 -0.113910 -0.110738 -0.125221 -0.120462 0.021668 -0.098555 -0.189539 -0.179643 -0.229624 -0.175143 -0.113910 -0.110738 -0.125221 -0.120462 0.021668 -0.098555 -0.189539 -0.179643 -0.229624 -0.175143 -0.113910 -0.110738 -0.125221 -0.120462 0.021668 -0.098555 -0.189539 
0.000000 -540.000000 -520.000000 -500.000000 -480.000000 -460.000000 -440.000000 -420.000000 -400.000000 -320.000000 -300.000000 -180.000000 -160.000000 -140.000000 -120.000000 -100.000000 -80.000000 -60.000000 -40.000000 40.000000 60.000000 180.000000 200.000000 220.000000 240.000000 260.000000 280.000000 300.000000 320.000000 400.000000 420.000000 540.000000 
0.000000 -0.189333 -0.181514 -0.229852 -0.175997 -0.115085 -0.111692 -0.127452 -0.120931 0.022208 -0.099393 -0.189333 -0.181514 -0.229852 -0.175997 -0.115085 -0.111692 -0.127452 -0.120931 0.022208 -0.099393 -0.189333 -0.181514 -0.229852 -0.175997 -0.115085 -0.111692 -0.127452 -0.120931 0.022208 -0.099393 -0.189333 
0.000000 -540.000000 -520.000000 -500.000000 -480.000000 -460.000000 -440.000000 -420.000000 -400.000000 -320.000000 -300.000000 -180.000000 -160.000000 -140.000000 -120.000000 -100.000000 -80.000000 -60.000000 -40.000000 40.000000 60.000000 180.000000 200.000000 220.000000 240.000000 260.000000 280.000000 300.000000 320.000000 400.000000 420.000000 540.000000 
0.000000 -0.184751 -0.211455 -0.231451 -0.187584 -0.133585 -0.123244 -0.152344 -0.126948 0.031643 -0.112879 -0.184751 -0.211455 -0.231451 -0.187584 -0.133585 -0.123244 -0.152344 -0.126948 0.031643 -0.112879 -0.184751 -0.211455 -0.231451 -0.187584 -0.133585 -0.123244 -0.152344 -0.126948 0.031643 -0.112879 -0.184751 
0.000000 -540.000000 -520.000000 -500.000000 -480.000000 -460.000000 -440.000000 -420.000000 -400.000000 -320.000000 -300.000000 -180.000000 -160.000000 -140.000000 -120.000000 -100.000000 -80.000000 -60.000000 -40.000000 40.000000 60.000000 180.000000 200.000000 220.000000 240.000000 260.000000 280.000000 300.000000 320.000000 400.000000 420.000000 540.000000 
0.000000 -0.182384 -0.221679 -0.230848 -0.190271 -0.139451 -0.125037 -0.154999 -0.128284 0.035362 -0.117556 -0.182384 -0.221679 -0.230848 -0.190271 -0.139451 -0.125037 -0.154999 -0.128284 0.035362 -0.117556 -0.182384 -0.221679 -0.230848 -0.190271 -0.139451 -0.125037 -0.154999 -0.128284 0.035362 -0.117556 -0.182384 
0.000000 -540.000000 -520.000000 -500.000000 -480.000000 -460.000000 -440.000000 -420.000000 -400.000000 -320.000000 -300.000000 -180.000000 -160.000000 -140.000000 -120.000000 -100.000000 -80.000000 -60.000000 -40.000000 40.000000 60.000000 180.000000 200.000000 220.000000 240.000000 260.000000 280.000000 300.000000 320.000000 400.000000 420.000000 540.000000 
0.000000 -0.172970 -0.246406 -0.225338 -0.191448 -0.149863 -0.121029 -0.142378 -0.129690 0.046541 -0.129155 -0.172970 -0.246406 -0.225338 -0.191448 -0.149863 -0.121029 -0.142378 -0.129690 0.046541 -0.129155 -0.172970 -0.246406 -0.225338 -0.191448 -0.149863 -0.121029 -0.142378 -0.129690 0.046541 -0.129155 -0.172970 
0.000000 -540.000000 -520.000000 -500.000000 -480.000000 -460.000000 -440.000000 -420.000000 -400.000000 -320.000000 -300.000000 -180.000000 -160.000000 -140.000000 -120.000000 -100.000000 -80.000000 -60.000000 -40.000000 40.000000 60.000000 180.000000 200.000000 220.000000 240.000000 260.000000 280.000000 300.000000 320.000000 400.000000 420.000000 540.000000 
0.000000 -0.154795 -0.262755 -0.212636 -0.176721 -0.138963 -0.096480 -0.098227 -0.129574 0.060695 -0.137624 -0.154795 -0.262755 -0.212636 -0.176721 -0.138963 -0.096480 -0.098227 -0.129574 0.060695 -0.137624 -0.154795 -0.262755 -0.212636 -0.176721 -0.138963 -0.096480 -0.098227 -0.129574 0.060695 -0.137624 -0.154795 
0.000000 -540.000000 -520.000000 -500.000000 -480.000000 -460.000000 -440.000000 -420.000000 -400.000000 -320.000000 -300.000000 -180.000000 -160.000000 -140.000000 -120.000000 -100.000000 -80.000000 -60.000000 -40.000000 40.000000 60.000000 180.000000 200.000000 220.000000 240.000000 260.000000 280.000000 300.000000 320.000000 400.000000 420.000000 540.000000 
0.000000 -0.012738 -0.138475 -0.124243 -0.056521 0.021804 0.064943 -0.153388 -0.137824 0.099712 -0.107078 -0.012738 -0.138475 -0.124243 -0.056521 0.021804 0.064943 -0.153388 -0.137824 0.099712 -0.107078 -0.012738 -0.138475 -0.124243 -0.056521 0.021804 0.064943 -0.153388 -0.137824 0.099712 -0.107078 -0.012738 
0.000000 -540.000000 -520.000000 -500.000000 -480.000000 -460.000000 -440.000000 -420.000000 -400.000000 -320.000000 -300.000000 -180.000000 -160.000000 -140.000000 -120.000000 -100.000000 -80.000000 -60.000000 -40.000000 40.000000 60.000000 180.000000 200.000000 220.000000 240.000000 260.000000 280.000000 300.000000 320.000000 400.000000 420.000000 540.000000 
0.000000 -0.187741 -0.194061 -0.231040 -0.181392 -0.122953 -0.117475 -0.140584 -0.123806 0.025955 -0.105014 -0.187741 -0.194061 -0.231040 -0.181392 -0.122953 -0.117475 -0.140584 -0.123806 0.025955 -0.105014 -0.187741 -0.194061 -0.231040 -0.181392 -0.122953 -0.117475 -0.140584 -0.123806 0.025955 -0.105014 -0.187741 
0.000000 -540.000000 -520.000000 -500.000000 -480.000000 -460.000000 -440.000000 -420.000000 -400.000000 -320.000000 -300.000000 -180.000000 -160.000000 -140.000000 -120.000000 -100.000000 -80.000000 -60.000000 -40.000000 40.000000 60.000000 180.000000 200.000000 220.000000 240.000000 260.000000 280.000000 300.000000 320.000000 400.000000 420.000000 540.000000 
0.000000 -0.127313 -0.255611 -0.195935 -0.145722 -0.095969 -0.054645 -0.059610 -0.132243 0.074104 -0.137620 -0.127313 -0.255611 -0.195935 -0.145722 -0.095969 -0.054645 -0.059610 -0.132243 0.074104 -0.137620 -0.127313 -0.255611 -0.195935 -0.145722 -0.095969 -0.054645 -0.059610 -0.132243 0.074104 -0.137620 -0.127313 
0.000000 -540.000000 -520.000000 -500.000000 -480.000000 -460.000000 -440.000000 -420.000000 -400.000000 -320.000000 -300.000000 -180.000000 -160.000000 -140.000000 -120.000000 -100.000000 -80.000000 -60.000000 -40.000000 40.000000 60.000000 180.000000 200.000000 220.000000 240.000000 260.000000 280.000000 300.000000 320.000000 400.000000 420.000000 540.000000 
0.000000 -0.032426 -0.293195 -0.009211 0.082753 0.094138 -0.009492 0.030728 0.230730 0.366582 0.378433 -0.032426 -0.293195 -0.009211 0.082753 0.094138 -0.009492 0.030728 0.230730 0.366582 0.378433 -0.032426 -0.293195 -0.009211 0.082753 0.094138 -0.009492 0.030728 0.230730 0.366582 0.378433 -0.032426 
0.000000 -540.000000 -520.000000 -500.000000 -480.000000 -460.000000 -440.000000 -420.000000 -400.000000 -320.000000 -300.000000 -180.000000 -160.000000 -140.000000 -120.000000 -100.000000 -80.000000 -60.000000 -40.000000 40.000000 60.000000 180.000000 200.000000 220.000000 240.000000 260.000000 280.000000 300.000000 320.000000 400.000000 420.000000 540.000000 
0.000000 0.107639 -0.771414 -0.000723 0.104592 0.042625 -0.029718 -0.027817 -0.051390 0.253827 0.454613 0.107639 -0.771414 -0.000723 0.104592 0.042625 -0.029718 -0.027817 -0.051390 0.253827 0.454613 0.107639 -0.771414 -0.000723 0.104592 0.042625 -0.029718 -0.027817 -0.051390 0.253827 0.454613 0.107639 
0.000000 -540.000000 -520.000000 -500.000000 -480.000000 -460.000000 -440.000000 -420.000000 -400.000000 -320.000000 -300.000000 -180.000000 -160.000000 -140.000000 -120.000000 -100.000000 -80.000000 -60.000000 -40.000000 40.000000 60.000000 180.000000 200.000000 220.000000 240.000000 260.000000 280.000000 300.000000 320.000000 400.000000 420.000000 540.000000 
0.000000 0.172830 -1.000309 -0.004068 0.020424 -0.040097 -0.024687 -0.045955 -0.052455 0.213517 0.407376 0.172830 -1.000309 -0.004068 0.020424 -0.040097 -0.024687 -0.045955 -0.052455 0.213517 0.407376 0.172830 -1.000309 -0.004068 0.020424 -0.040097 -0.024687 -0.045955 -0.052455 0.213517 0.407376 0.172830 
0.000000 -540.000000 -520.000000 -500.000000 -480.000000 -460.000000 -440.000000 -420.000000 -400.000000 -320.000000 -300.000000 -180.000000 -160.000000 -140.000000 -120.000000 -100.000000 -80.000000 -60.000000 -40.000000 40.000000 60.000000 180.000000 200.000000 220.000000 240.000000 260.000000 280.000000 300.000000 320.000000 400.000000 420.000000 540.000000 
0.000000 0.113234 -0.791230 -0.001663 0.100493 0.037018 -0.030259 -0.027856 -0.052428 0.250217 0.452814 0.113234 -0.791230 -0.001663 0.100493 0.037018 -0.030259 -0.027856 -0.052428 0.250217 0.452814 0.113234 -0.791230 -0.001663 0.100493 0.037018 -0.030259 -0.027856 -0.052428 0.250217 0.452814 0.113234 
0.000000 -540.000000 -520.000000 -500.000000 -480.000000 -460.000000 -440.000000 -420.000000 -400.000000 -320.000000 -300.000000 -180.000000 -160.000000 -140.000000 -120.000000 -100.000000 -80.000000 -60.000000 -40.000000 40.000000 60.000000 180.000000 200.000000 220.000000 240.000000 260.000000 280.000000 300.000000 320.000000 400.000000 420.000000 540.000000 
0.000000 0.150619 -0.923212 -0.004664 0.053581 -0.002153 -0.026361 -0.042592 -0.048538 0.226966 0.430565 0.150619 -0.923212 -0.004664 0.053581 -0.002153 -0.026361 -0.042592 -0.048538 0.226966 0.430565 0.150619 -0.923212 -0.004664 0.053581 -0.002153 -0.026361 -0.042592 -0.048538 0.226966 0.430565 0.150619 
0.000000 -540.000000 -520.000000 -500.000000 -480.000000 -460.000000 -440.000000 -420.000000 -400.000000 -320.000000 -300.000000 -180.000000 -160.000000 -140.000000 -120.000000 -100.000000 -80.000000 -60.000000 -40.000000 40.000000 60.000000 180.000000 200.000000 220.000000 240.000000 260.000000 280.000000 300.000000 320.000000 400.000000 420.000000 540.000000 
0.000000 0.164636 -0.972073 -0.004249 0.031289 -0.021633 -0.023076 -0.046505 -0.050348 0.218479 0.416964 0.164636 -0.972073 -0.004249 0.031289 -0.021633 -0.023076 -0.046505 -0.050348 0.218479 0.416964 0.164636 -0.972073 -0.004249 0.031289 -0.021633 -0.023076 -0.046505 -0.050348 0.218479 0.416964 0.164636 
0.000000 -540.000000 -520.000000 -500.000000 -480.000000 -460.000000 -440.000000 -420.000000 -400.000000 -320.000000 -300.000000 -180.000000 -160.000000 -140.000000 -120.000000 -100.000000 -80.000000 -60.000000 -40.000000 40.000000 60.000000 180.000000 200.000000 220.000000 240.000000 260.000000 280.000000 300.000000 320.000000 400.000000 420.000000 540.000000 
0.000000 0.156272 -0.942987 -0.004531 0.044372 -0.008796 -0.024551 -0.044690 -0.048968 0.223538 0.425474 0.156272 -0.942987 -0.004531 0.044372 -0.008796 -0.024551 -0.044690 -0.048968 0.223538 0.425474 0.156272 -0.942987 -0.004531 0.044372 -0.008796 -0.024551 -0.044690 -0.048968 0.223538 0.425474 0.156272 
0.000000 -540.000000 -520.000000 -500.000000 -480.000000 -460.000000 -440.000000 -420.000000 -400.000000 -320.000000 -300.000000 -180.000000 -160.000000 -140.000000 -120.000000 -100.000000 -80.000000 -60.000000 -40.000000 40.000000 60.000000 180.000000 200.000000 220.000000 240.000000 260.000000 280.000000 300.000000 320.000000 400.000000 420.000000 540.000000 
0.000000 0.043439 -0.546139 0.009837 0.105253 0.064993 -0.041736 -0.104585 0.077041 0.299099 0.449511 0.043439 -0.546139 0.009837 0.105253 0.064993 -0.041736 -0.104585 0.077041 0.299099 0.449511 0.043439 -0.546139 0.009837 0.105253 0.064993 -0.041736 -0.104585 0.077041 0.299099 0.449511 0.043439 
0.000000 -540.000000 -520.000000 -500.000000 -480.000000 -460.000000 -440.000000 -420.000000 -400.000000 -320.000000 -300.000000 -180.000000 -160.000000 -140.000000 -120.000000 -100.000000 -80.000000 -60.000000 -40.000000 40.000000 60.000000 180.000000 200.000000 220.000000 240.000000 260.000000 280.000000 300.000000 320.000000 400.000000 420.000000 540.000000 
0.000000 0.102798 -0.754279 0.000138 0.107534 0.047136 -0.029310 -0.028676 -0.049474 0.256986 0.455870 0.102798 -0.754279 0.000138 0.107534 0.047136 -0.029310 -0.028676 -0.049474 0.256986 0.455870 0.102798 -0.754279 0.000138 0.107534 0.047136 -0.029310 -0.028676 -0.049474 0.256986 0.455870 0.102798 
0.000000 -540.000000 -520.000000 -500.000000 -480.000000 -460.000000 -440.000000 -420.000000 -400.000000 -320.000000 -300.000000 -180.000000 -160.000000 -140.000000 -120.000000 -100.000000 -80.000000 -60.000000 -40.000000 40.000000 60.000000 180.000000 200.000000 220.000000 240.000000 260.000000 280.000000 300.000000 320.000000 400.000000 420.000000 540.000000 
0.000000 0.147344 -0.911720 -0.004693 0.058868 0.001278 -0.027480 -0.041170 -0.048489 0.228958 0.433287 0.147344 -0.911720 -0.004693 0.058868 0.001278 -0.027480 -0.041170 -0.048489 0.228958 0.433287 0.147344 -0.911720 -0.004693 0.058868 0.001278 -0.027480 -0.041170 -0.048489 0.228958 0.433287 0.147344 
0.000000 -540.000000 -520.000000 -500.000000 -480.000000 -460.000000 -440.000000 -420.000000 -400.000000 -320.000000 -300.000000 -180.000000 -160.000000 -140.000000 -120.000000 -100.000000 -80.000000 -60.000000 -40.000000 40.000000 60.000000 180.000000 200.000000 220.000000 240.000000 260.000000 280.000000 300.000000 320.000000 400.000000 420.000000 540.000000 
0.000000 -0.041407 -0.158347 -0.141092 -0.077559 -0.003066 0.041928 -0.114867 -0.137448 0.094908 -0.116597 -0.041407 -0.158347 -0.141092 -0.077559 -0.003066 0.041928 -0.114867 -0.137448 0.094908 -0.116597 -0.041407 -0.158347 -0.141092 -0.077559 -0.003066 0.041928 -0.114867 -0.137448 0.094908 -0.116597 -0.041407 
0.000000 -540.000000 -520.000000 -500.000000 -480.000000 -460.000000 -440.000000 -420.000000 -400.000000 -320.000000 -300.000000 -180.000000 -160.000000 -140.000000 -120.000000 -100.000000 -80.000000 -60.000000 -40.000000 40.000000 60.000000 180.000000 200.000000 220.000000 240.000000 260.000000 280.000000 300.000000 320.000000 400.000000 420.000000 540.000000 
0.000000 -0.098288 -0.227724 -0.177988 -0.117956 -0.055671 -0.016390 -0.057565 -0.134977 0.083175 -0.132068 -0.098288 -0.227724 -0.177988 -0.117956 -0.055671 -0.016390 -0.057565 -0.134977 0.083175 -0.132068 -0.098288 -0.227724 -0.177988 -0.117956 -0.055671 -0.016390 -0.057565 -0.134977 0.083175 -0.132068 -0.098288 
0.000000 -540.000000 -520.000000 -500.000000 -480.000000 -460.000000 -440.000000 -420.000000 -400.000000 -320.000000 -300.000000 -180.000000 -160.000000 -140.000000 -120.000000 -100.000000 -80.000000 -60.000000 -40.000000 40.000000 60.000000 180.000000 200.000000 220.000000 240.000000 260.000000 280.000000 300.000000 320.000000 400.000000 420.000000 540.000000 
0.000000 -0.193512 -0.115868 -0.219484 -0.144556 -0.077078 -0.071684 -0.030513 -0.099586 0.004284 -0.068240 -0.193512 -0.115868 -0.219484 -0.144556 -0.077078 -0.071684 -0.030513 -0.099586 0.004284 -0.068240 -0.193512 -0.115868 -0.219484 -0.144556 -0.077078 -0.071684 -0.030513 -0.099586 0.004284 -0.068240 -0.193512 
0.000000 -540.000000 -520.000000 -500.000000 -480.000000 -460.000000 -440.000000 -420.000000 -400.000000 -320.000000 -300.000000 -180.000000 -160.000000 -140.000000 -120.000000 -100.000000 -80.000000 -60.000000 -40.000000 40.000000 60.000000 180.000000 200.000000 220.000000 240.000000 260.000000 280.000000 300.000000 320.000000 400.000000 420.000000 540.000000 
0.000000 -0.179010 -0.232832 -0.229244 -0.192028 -0.145146 -0.125106 -0.153319 -0.129257 0.039893 -0.122722 -0.179010 -0.232832 -0.229244 -0.192028 -0.145146 -0.125106 -0.153319 -0.129257 0.039893 -0.122722 -0.179010 -0.232832 -0.229244 -0.192028 -0.145146 -0.125106 -0.153319 -0.129257 0.039893 -0.122722 -0.179010 
0.000000 -540.000000 -520.000000 -500.000000 -480.000000 -460.000000 -440.000000 -420.000000 -400.000000 -320.000000 -300.000000 -180.000000 -160.000000 -140.000000 -120.000000 -100.000000 -80.000000 -60.000000 -40.000000 40.000000 60.000000 180.000000 200.000000 220.000000 240.000000 260.000000 280.000000 300.000000 320.000000 400.000000 420.000000 540.000000 
0.000000 -0.182963 -0.219394 -0.231047 -0.189747 -0.138180 -0.124761 -0.154720 -0.128021 0.034500 -0.116507 -0.182963 -0.219394 -0.231047 -0.189747 -0.138180 -0.124761 -0.154720 -0.128021 0.034500 -0.116507 -0.182963 -0.219394 -0.231047 -0.189747 -0.138180 -0.124761 -0.154720 -0.128021 0.034500 -0.116507 -0.182963 
0.000000 -540.000000 -520.000000 -500.000000 -480.000000 -460.000000 -440.000000 -420.000000 -400.000000 -320.000000 -300.000000 -180.000000 -160.000000 -140.000000 -120.000000 -100.000000 -80.000000 -60.000000 -40.000000 40.000000 60.000000 180.000000 200.000000 220.000000 240.000000 260.000000 280.000000 300.000000 320.000000 400.000000 420.000000 540.000000 
0.000000 -0.003167 -0.388174 0.007516 0.094770 0.083071 -0.030111 -0.057245 0.194175 0.338183 0.415266 -0.003167 -0.388174 0.007516 0.094770 0.083071 -0.030111 -0.057245 0.194175 0.338183 0.415266 -0.003167 -0.388174 0.007516 0.094770 0.083071 -0.030111 -0.057245 0.194175 0.338183 0.415266 -0.003167 
0.000000 -540.000000 -520.000000 -500.000000 -480.000000 -460.000000 -440.000000 -420.000000 -400.000000 -320.000000 -300.000000 -180.000000 -160.000000 -140.000000 -120.000000 -100.000000 -80.000000 -60.000000 -40.000000 40.000000 60.000000 180.000000 200.000000 220.000000 240.000000 260.000000 280.000000 300.000000 320.000000 400.000000 420.000000 540.000000 
0.000000 0.074311 -0.653772 0.005453 0.113691 0.063433 -0.031826 -0.055672 -0.010709 0.276335 0.457813 0.074311 -0.653772 0.005453 0.113691 0.063433 -0.031826 -0.055672 -0.010709 0.276335 0.457813 0.074311 -0.653772 0.005453 0.113691 0.063433 -0.031826 -0.055672 -0.010709 0.276335 0.457813 0.074311 
