0.000000 -540.000000 -520.000000 -500.000000 -480.000000 -460.000000 -440.000000 -420.000000 -400.000000 -320.000000 -300.000000 -280.000000 -260.000000 -240.000000 -180.000000 -160.000000 -140.000000 -120.000000 -100.000000 -80.000000 -60.000000 -40.000000 40.000000 60.000000 80.000000 100.000000 120.000000 180.000000 200.000000 220.000000 240.000000 260.000000 280.000000 300.000000 320.000000 400.000000 420.000000 440.000000 460.000000 480.000000 540.000000 
0.000000 -0.284402 -0.427868 0.660887 1.069195 1.364847 -0.042825 -0.026761 -0.314914 0.391981 0.491433 -0.440945 -0.450640 0.209086 -0.284402 -0.427868 0.660887 1.069195 1.364847 -0.042825 -0.026761 -0.314914 0.391981 0.491433 -0.440945 -0.450640 0.209086 -0.284402 -0.427868 0.660887 1.069195 1.364847 -0.042825 -0.026761 -0.314914 0.391981 0.491433 -0.440945 -0.450640 0.209086 -0.284402 
0.000000 -540.000000 -520.000000 -500.000000 -480.000000 -460.000000 -440.000000 -420.000000 -400.000000 -320.000000 -300.000000 -280.000000 -260.000000 -240.000000 -180.000000 -160.000000 -140.000000 -120.000000 -100.000000 -80.000000 -60.000000 -40.000000 40.000000 60.000000 80.000000 100.000000 120.000000 180.000000 200.000000 220.000000 240.000000 260.000000 280.000000 300.000000 320.000000 400.000000 420.000000 440.000000 460.000000 480.000000 540.000000 
0.000000 -0.326923 -0.043841 0.028111 0.033313 -0.017043 0.009739 0.006653 -0.211768 -0.162908 -0.051770 0.114249 0.256076 -0.298381 -0.326923 -0.043841 0.028111 0.033313 -0.017043 0.009739 0.006653 -0.211768 -0.162908 -0.051770 0.114249 0.256076 -0.298381 -0.326923 -0.043841 0.028111 0.033313 -0.017043 0.009739 0.006653 -0.211768 -0.162908 -0.051770 0.114249 0.256076 -0.298381 -0.326923 
0.000000 -540.000000 -520.000000 -500.000000 -480.000000 -460.000000 -440.000000 -420.000000 -400.000000 -320.000000 -300.000000 -280.000000 -260.000000 -240.000000 -180.000000 -160.000000 -140.000000 -120.000000 -100.000000 -80.000000 -60.000000 -40.000000 40.000000 60.000000 80.000000 100.000000 120.000000 180.000000 200.000000 220.000000 240.000000 260.000000 280.000000 300.000000 320.000000 400.000000 420.000000 440.000000 460.000000 480.000000 540.000000 
0.000000 -0.575688 -0.050150 0.114499 0.083033 -0.001733 0.026891 0.042388 -0.274648 -0.233692 0.076722 0.200825 0.316788 -0.378728 -0.575688 -0.050150 0.114499 0.083033 -0.001733 0.026891 0.042388 -0.274648 -0.233692 0.076722 0.200825 0.316788 -0.378728 -0.575688 -0.050150 0.114499 0.083033 -0.001733 0.026891 0.042388 -0.274648 -0.233692 0.076722 0.200825 0.316788 -0.378728 -0.575688 
0.000000 -540.000000 -520.000000 -500.000000 -480.000000 -460.000000 -440.000000 -420.000000 -400.000000 -320.000000 -300.000000 -280.000000 -260.000000 -240.000000 -180.000000 -160.000000 -140.000000 -120.000000 -100.000000 -80.000000 -60.000000 -40.000000 40.000000 60.000000 80.000000 100.000000 120.000000 180.000000 200.000000 220.000000 240.000000 260.000000 280.000000 300.000000 320.000000 400.000000 420.000000 440.000000 460.000000 480.000000 540.000000 
0.000000 -0.321317 -0.162403 -0.024054 -0.168314 -0.165644 -0.054962 -0.049718 -0.040800 0.107015 0.157841 0.117790 0.054374 0.038651 -0.321317 -0.162403 -0.024054 -0.168314 -0.165644 -0.054962 -0.049718 -0.040800 0.107015 0.157841 0.117790 0.054374 0.038651 -0.321317 -0.162403 -0.024054 -0.168314 -0.165644 -0.054962 -0.049718 -0.040800 0.107015 0.157841 0.117790 0.054374 0.038651 -0.321317 
0.000000 -540.000000 -520.000000 -500.000000 -480.000000 -460.000000 -440.000000 -420.000000 -400.000000 -320.000000 -300.000000 -280.000000 -260.000000 -240.000000 -180.000000 -160.000000 -140.000000 -120.000000 -100.000000 -80.000000 -60.000000 -40.000000 40.000000 60.000000 80.000000 100.000000 120.000000 180.000000 200.000000 220.000000 240.000000 260.000000 280.000000 300.000000 320.000000 400.000000 420.000000 440.000000 460.000000 480.000000 540.000000 
0.000000 -0.283509 -0.136391 -0.019943 -0.166733 -0.164908 -0.052787 -0.047768 -0.046317 0.119114 0.165994 0.117312 0.072289 0.073885 -0.283509 -0.136391 -0.019943 -0.166733 -0.164908 -0.052787 -0.047768 -0.046317 0.119114 0.165994 0.117312 0.072289 0.073885 -0.283509 -0.136391 -0.019943 -0.166733 -0.164908 -0.052787 -0.047768 -0.046317 0.119114 0.165994 0.117312 0.072289 0.073885 -0.283509 
0.000000 -540.000000 -520.000000 -500.000000 -480.000000 -460.000000 -440.000000 -420.000000 -400.000000 -320.000000 -300.000000 -280.000000 -260.000000 -240.000000 -180.000000 -160.000000 -140.000000 -120.000000 -100.000000 -80.000000 -60.000000 -40.000000 40.000000 60.000000 80.000000 100.000000 120.000000 180.000000 200.000000 220.000000 240.000000 260.000000 280.000000 300.000000 320.000000 400.000000 420.000000 440.000000 460.000000 480.000000 540.000000 
0.000000 -0.363744 -0.189035 -0.031534 -0.164237 -0.164215 -0.059417 -0.053501 -0.036606 0.091435 0.139822 0.117403 0.044285 -0.003162 -0.363744 -0.189035 -0.031534 -0.164237 -0.164215 -0.059417 -0.053501 -0.036606 0.091435 0.139822 0.117403 0.044285 -0.003162 -0.363744 -0.189035 -0.031534 -0.164237 -0.164215 -0.059417 -0.053501 -0.036606 0.091435 0.139822 0.117403 0.044285 -0.003162 -0.363744 
0.000000 -540.000000 -520.000000 -500.000000 -480.000000 -460.000000 -440.000000 -420.000000 -400.000000 -320.000000 -300.000000 -280.000000 -260.000000 -240.000000 -180.000000 -160.000000 -140.000000 -120.000000 -100.000000 -80.000000 -60.000000 -40.000000 40.000000 60.000000 80.000000 100.000000 120.000000 180.000000 200.000000 220.000000 240.000000 260.000000 280.000000 300.000000 320.000000 400.000000 420.000000 440.000000 460.000000 480.000000 540.000000 
0.000000 -0.290478 -0.141319 -0.020531 -0.167331 -0.165150 -0.053063 -0.048028 -0.045209 0.116957 0.164962 0.117450 0.068439 0.067463 -0.290478 -0.141319 -0.020531 -0.167331 -0.165150 -0.053063 -0.048028 -0.045209 0.116957 0.164962 0.117450 0.068439 0.067463 -0.290478 -0.141319 -0.020531 -0.167331 -0.165150 -0.053063 -0.048028 -0.045209 0.116957 0.164962 0.117450 0.068439 0.067463 -0.290478 
0.000000 -540.000000 -520.000000 -500.000000 -480.000000 -460.000000 -440.000000 -420.000000 -400.000000 -320.000000 -300.000000 -280.000000 -260.000000 -240.000000 -180.000000 -160.000000 -140.000000 -120.000000 -100.000000 -80.000000 -60.000000 -40.000000 40.000000 60.000000 80.000000 100.000000 120.000000 180.000000 200.000000 220.000000 240.000000 260.000000 280.000000 300.000000 320.000000 400.000000 420.000000 440.000000 460.000000 480.000000 540.000000 
0.000000 -0.359560 -0.186560 -0.030649 -0.164986 -0.164503 -0.058881 -0.053051 -0.036885 0.093128 0.142117 0.117495 0.044713 0.001151 -0.359560 -0.186560 -0.030649 -0.164986 -0.164503 -0.058881 -0.053051 -0.036885 0.093128 0.142117 0.117495 0.044713 0.001151 -0.359560 -0.186560 -0.030649 -0.164986 -0.164503 -0.058881 -0.053051 -0.036885 0.093128 0.142117 0.117495 0.044713 0.001151 -0.359560 
0.000000 -540.000000 -520.000000 -500.000000 -480.000000 -460.000000 -440.000000 -420.000000 -400.000000 -320.000000 -300.000000 -280.000000 -260.000000 -240.000000 -180.000000 -160.000000 -140.000000 -120.000000 -100.000000 -80.000000 -60.000000 -40.000000 40.000000 60.000000 80.000000 100.000000 120.000000 180.000000 200.000000 220.000000 240.000000 260.000000 280.000000 300.000000 320.000000 400.000000 420.000000 440.000000 460.000000 480.000000 540.000000 
0.000000 -0.262370 -0.121113 -0.018602 -0.164176 -0.163926 -0.052279 -0.047239 -0.049874 0.125527 0.167946 0.116760 0.085349 0.093255 -0.262370 -0.121113 -0.018602 -0.164176 -0.163926 -0.052279 -0.047239 -0.049874 0.125527 0.167946 0.116760 0.085349 0.093255 -0.262370 -0.121113 -0.018602 -0.164176 -0.163926 -0.052279 -0.047239 -0.049874 0.125527 0.167946 0.116760 0.085349 0.093255 -0.262370 
0.000000 -540.000000 -520.000000 -500.000000 -480.000000 -460.000000 -440.000000 -420.000000 -400.000000 -320.000000 -300.000000 -280.000000 -260.000000 -240.000000 -180.000000 -160.000000 -140.000000 -120.000000 -100.000000 -80.000000 -60.000000 -40.000000 40.000000 60.000000 80.000000 100.000000 120.000000 180.000000 200.000000 220.000000 240.000000 260.000000 280.000000 300.000000 320.000000 400.000000 420.000000 440.000000 460.000000 480.000000 540.000000 
0.000000 -0.324326 -0.164391 -0.024481 -0.168252 -0.165635 -0.055207 -0.049930 -0.040420 0.106000 0.156905 0.117797 0.053279 0.035791 -0.324326 -0.164391 -0.024481 -0.168252 -0.165635 -0.055207 -0.049930 -0.040420 0.106000 0.156905 0.117797 0.053279 0.035791 -0.324326 -0.164391 -0.024481 -0.168252 -0.165635 -0.055207 -0.049930 -0.040420 0.106000 0.156905 0.117797 0.053279 0.035791 -0.324326 
0.000000 -540.000000 -520.000000 -500.000000 -480.000000 -460.000000 -440.000000 -420.000000 -400.000000 -320.000000 -300.000000 -280.000000 -260.000000 -240.000000 -180.000000 -160.000000 -140.000000 -120.000000 -100.000000 -80.000000 -60.000000 -40.000000 40.000000 60.000000 80.000000 100.000000 120.000000 180.000000 200.000000 220.000000 240.000000 260.000000 280.000000 300.000000 320.000000 400.000000 420.000000 440.000000 460.000000 480.000000 540.000000 
0.000000 -0.377745 -0.197005 -0.034755 -0.161023 -0.162927 -0.061365 -0.055128 -0.035971 0.085384 0.131100 0.116993 0.043952 -0.018079 -0.377745 -0.197005 -0.034755 -0.161023 -0.162927 -0.061365 -0.055128 -0.035971 0.085384 0.131100 0.116993 0.043952 -0.018079 -0.377745 -0.197005 -0.034755 -0.161023 -0.162927 -0.061365 -0.055128 -0.035971 0.085384 0.131100 0.116993 0.043952 -0.018079 -0.377745 
0.000000 -540.000000 -520.000000 -500.000000 -480.000000 -460.000000 -440.000000 -420.000000 -400.000000 -320.000000 -300.000000 -280.000000 -260.000000 -240.000000 -180.000000 -160.000000 -140.000000 -120.000000 -100.000000 -80.000000 -60.000000 -40.000000 40.000000 60.000000 80.000000 100.000000 120.000000 180.000000 200.000000 220.000000 240.000000 260.000000 280.000000 300.000000 320.000000 400.000000 420.000000 440.000000 460.000000 480.000000 540.000000 
0.000000 -0.341066 -0.175195 -0.027135 -0.167321 -0.165353 -0.056767 -0.051266 -0.038510 0.100143 0.150810 0.117749 0.048181 0.019641 -0.341066 -0.175195 -0.027135 -0.167321 -0.165353 -0.056767 -0.051266 -0.038510 0.100143 0.150810 0.117749 0.048181 0.019641 -0.341066 -0.175195 -0.027135 -0.167321 -0.165353 -0.056767 -0.051266 -0.038510 0.100143 0.150810 0.117749 0.048181 0.019641 -0.341066 
0.000000 -540.000000 -520.000000 -500.000000 -480.000000 -460.000000 -440.000000 -420.000000 -400.000000 -320.000000 -300.000000 -280.000000 -260.000000 -240.000000 -180.000000 -160.000000 -140.000000 -120.000000 -100.000000 -80.000000 -60.000000 -40.000000 40.000000 60.000000 80.000000 100.000000 120.000000 180.000000 200.000000 220.000000 240.000000 260.000000 280.000000 300.000000 320.000000 400.000000 420.000000 440.000000 460.000000 480.000000 540.000000 
0.000000 -0.174226 -0.053658 -0.017902 -0.147750 -0.157096 -0.051935 -0.046284 -0.064759 0.151089 0.160333 0.110423 0.155236 0.173032 -0.174226 -0.053658 -0.017902 -0.147750 -0.157096 -0.051935 -0.046284 -0.064759 0.151089 0.160333 0.110423 0.155236 0.173032 -0.174226 -0.053658 -0.017902 -0.147750 -0.157096 -0.051935 -0.046284 -0.064759 0.151089 0.160333 0.110423 0.155236 0.173032 -0.174226 
0.000000 -540.000000 -520.000000 -500.000000 -480.000000 -460.000000 -440.000000 -420.000000 -400.000000 -320.000000 -300.000000 -280.000000 -260.000000 -240.000000 -180.000000 -160.000000 -140.000000 -120.000000 -100.000000 -80.000000 -60.000000 -40.000000 40.000000 60.000000 80.000000 100.000000 120.000000 180.000000 200.000000 220.000000 240.000000 260.000000 280.000000 300.000000 320.000000 400.000000 420.000000 440.000000 460.000000 480.000000 540.000000 
0.000000 -0.397764 -0.159893 -0.041559 -0.048609 -0.090115 -0.050554 -0.046369 -0.106827 -0.042749 -0.026230 0.103554 0.167063 -0.200342 -0.397764 -0.159893 -0.041559 -0.048609 -0.090115 -0.050554 -0.046369 -0.106827 -0.042749 -0.026230 0.103554 0.167063 -0.200342 -0.397764 -0.159893 -0.041559 -0.048609 -0.090115 -0.050554 -0.046369 -0.106827 -0.042749 -0.026230 0.103554 0.167063 -0.200342 -0.397764 
0.000000 -540.000000 -520.000000 -500.000000 -480.000000 -460.000000 -440.000000 -420.000000 -400.000000 -320.000000 -300.000000 -280.000000 -260.000000 -240.000000 -180.000000 -160.000000 -140.000000 -120.000000 -100.000000 -80.000000 -60.000000 -40.000000 40.000000 60.000000 80.000000 100.000000 120.000000 180.000000 200.000000 220.000000 240.000000 260.000000 280.000000 300.000000 320.000000 400.000000 420.000000 440.000000 460.000000 480.000000 540.000000 
0.000000 -0.106989 -0.012110 0.000961 -0.114420 -0.127852 -0.016444 -0.115117 -0.347621 0.175077 0.178837 1.524091 1.562113 -0.304468 -0.106989 -0.012110 0.000961 -0.114420 -0.127852 -0.016444 -0.115117 -0.347621 0.175077 0.178837 1.524091 1.562113 -0.304468 -0.106989 -0.012110 0.000961 -0.114420 -0.127852 -0.016444 -0.115117 -0.347621 0.175077 0.178837 1.524091 1.562113 -0.304468 -0.106989 
0.000000 -540.000000 -520.000000 -500.000000 -480.000000 -460.000000 -440.000000 -420.000000 -400.000000 -320.000000 -300.000000 -280.000000 -260.000000 -240.000000 -180.000000 -160.000000 -140.000000 -120.000000 -100.000000 -80.000000 -60.000000 -40.000000 40.000000 60.000000 80.000000 100.000000 120.000000 180.000000 200.000000 220.000000 240.000000 260.000000 280.000000 300.000000 320.000000 400.000000 420.000000 440.000000 460.000000 480.000000 540.000000 
0.000000 -0.372435 -0.194042 -0.033485 -0.162379 -0.163479 -0.060598 -0.054488 -0.036152 0.087757 0.134610 0.117169 0.043866 -0.012323 -0.372435 -0.194042 -0.033485 -0.162379 -0.163479 -0.060598 -0.054488 -0.036152 0.087757 0.134610 0.117169 0.043866 -0.012323 -0.372435 -0.194042 -0.033485 -0.162379 -0.163479 -0.060598 -0.054488 -0.036152 0.087757 0.134610 0.117169 0.043866 -0.012323 -0.372435 
0.000000 -540.000000 -520.000000 -500.000000 -480.000000 -460.000000 -440.000000 -420.000000 -400.000000 -320.000000 -300.000000 -280.000000 -260.000000 -240.000000 -180.000000 -160.000000 -140.000000 -120.000000 -100.000000 -80.000000 -60.000000 -40.000000 40.000000 60.000000 80.000000 100.000000 120.000000 180.000000 200.000000 220.000000 240.000000 260.000000 280.000000 300.000000 320.000000 400.000000 420.000000 440.000000 460.000000 480.000000 540.000000 
0.000000 0.155862 0.175770 0.069246 0.266848 0.022199 -0.125411 -0.210249 -0.271199 1.084809 1.069375 -0.033845 -0.261630 0.654256 0.155862 0.175770 0.069246 0.266848 0.022199 -0.125411 -0.210249 -0.271199 1.084809 1.069375 -0.033845 -0.261630 0.654256 0.155862 0.175770 0.069246 0.266848 0.022199 -0.125411 -0.210249 -0.271199 1.084809 1.069375 -0.033845 -0.261630 0.654256 0.155862 
0.000000 -540.000000 -520.000000 -500.000000 -480.000000 -460.000000 -440.000000 -420.000000 -400.000000 -320.000000 -300.000000 -280.000000 -260.000000 -240.000000 -180.000000 -160.000000 -140.000000 -120.000000 -100.000000 -80.000000 -60.000000 -40.000000 40.000000 60.000000 80.000000 100.000000 120.000000 180.000000 200.000000 220.000000 240.000000 260.000000 280.000000 300.000000 320.000000 400.000000 420.000000 440.000000 460.000000 480.000000 540.000000 
0.000000 -0.356893 -0.021122 0.057142 0.054998 -0.001919 0.025063 0.023391 -0.243250 -0.199509 -0.032099 0.131494 0.273223 -0.327044 -0.356893 -0.021122 0.057142 0.054998 -0.001919 0.025063 0.023391 -0.243250 -0.199509 -0.032099 0.131494 0.273223 -0.327044 -0.356893 -0.021122 0.057142 0.054998 -0.001919 0.025063 0.023391 -0.243250 -0.199509 -0.032099 0.131494 0.273223 -0.327044 -0.356893 
0.000000 -540.000000 -520.000000 -500.000000 -480.000000 -460.000000 -440.000000 -420.000000 -400.000000 -320.000000 -300.000000 -280.000000 -260.000000 -240.000000 -180.000000 -160.000000 -140.000000 -120.000000 -100.000000 -80.000000 -60.000000 -40.000000 40.000000 60.000000 80.000000 100.000000 120.000000 180.000000 200.000000 220.000000 240.000000 260.000000 280.000000 300.000000 320.000000 400.000000 420.000000 440.000000 460.000000 480.000000 540.000000 
0.000000 -0.325558 -0.110233 0.069236 0.034137 -0.042448 -0.032017 -0.061045 -0.198796 0.129316 0.193807 0.806708 1.176846 -0.362750 -0.325558 -0.110233 0.069236 0.034137 -0.042448 -0.032017 -0.061045 -0.198796 0.129316 0.193807 0.806708 1.176846 -0.362750 -0.325558 -0.110233 0.069236 0.034137 -0.042448 -0.032017 -0.061045 -0.198796 0.129316 0.193807 0.806708 1.176846 -0.362750 -0.325558 
0.000000 -540.000000 -520.000000 -500.000000 -480.000000 -460.000000 -440.000000 -420.000000 -400.000000 -320.000000 -300.000000 -280.000000 -260.000000 -240.000000 -180.000000 -160.000000 -140.000000 -120.000000 -100.000000 -80.000000 -60.000000 -40.000000 40.000000 60.000000 80.000000 100.000000 120.000000 180.000000 200.000000 220.000000 240.000000 260.000000 280.000000 300.000000 320.000000 400.000000 420.000000 440.000000 460.000000 480.000000 540.000000 
0.000000 -0.429940 -0.158946 0.076764 0.049982 -0.031976 -0.032899 -0.031513 -0.173063 0.079770 0.185950 0.553896 0.982345 -0.375834 -0.429940 -0.158946 0.076764 0.049982 -0.031976 -0.032899 -0.031513 -0.173063 0.079770 0.185950 0.553896 0.982345 -0.375834 -0.429940 -0.158946 0.076764 0.049982 -0.031976 -0.032899 -0.031513 -0.173063 0.079770 0.185950 0.553896 0.982345 -0.375834 -0.429940 
0.000000 -540.000000 -520.000000 -500.000000 -480.000000 -460.000000 -440.000000 -420.000000 -400.000000 -320.000000 -300.000000 -280.000000 -260.000000 -240.000000 -180.000000 -160.000000 -140.000000 -120.000000 -100.000000 -80.000000 -60.000000 -40.000000 40.000000 60.000000 80.000000 100.000000 120.000000 180.000000 200.000000 220.000000 240.000000 260.000000 280.000000 300.000000 320.000000 400.000000 420.000000 440.000000 460.000000 480.000000 540.000000 
0.000000 -0.196046 -0.215419 -0.141218 -0.360326 -0.256952 -0.017791 -0.059147 -0.428553 0.102334 0.094803 1.414419 1.355505 -0.248813 -0.196046 -0.215419 -0.141218 -0.360326 -0.256952 -0.017791 -0.059147 -0.428553 0.102334 0.094803 1.414419 1.355505 -0.248813 -0.196046 -0.215419 -0.141218 -0.360326 -0.256952 -0.017791 -0.059147 -0.428553 0.102334 0.094803 1.414419 1.355505 -0.248813 -0.196046 
0.000000 -540.000000 -520.000000 -500.000000 -480.000000 -460.000000 -440.000000 -420.000000 -400.000000 -320.000000 -300.000000 -280.000000 -260.000000 -240.000000 -180.000000 -160.000000 -140.000000 -120.000000 -100.000000 -80.000000 -60.000000 -40.000000 40.000000 60.000000 80.000000 100.000000 120.000000 180.000000 200.000000 220.000000 240.000000 260.000000 280.000000 300.000000 320.000000 400.000000 420.000000 440.000000 460.000000 480.000000 540.000000 
0.000000 -0.327611 -0.041290 0.030502 0.035297 -0.015450 0.011276 0.008175 -0.214610 -0.166147 -0.050840 0.115301 0.257867 -0.300873 -0.327611 -0.041290 0.030502 0.035297 -0.015450 0.011276 0.008175 -0.214610 -0.166147 -0.050840 0.115301 0.257867 -0.300873 -0.327611 -0.041290 0.030502 0.035297 -0.015450 0.011276 0.008175 -0.214610 -0.166147 -0.050840 0.115301 0.257867 -0.300873 -0.327611 
0.000000 -540.000000 -520.000000 -500.000000 -480.000000 -460.000000 -440.000000 -420.000000 -400.000000 -320.000000 -300.000000 -280.000000 -260.000000 -240.000000 -180.000000 -160.000000 -140.000000 -120.000000 -100.000000 -80.000000 -60.000000 -40.000000 40.000000 60.000000 80.000000 100.000000 120.000000 180.000000 200.000000 220.000000 240.000000 260.000000 280.000000 300.000000 320.000000 400.000000 420.000000 440.000000 460.000000 480.000000 540.000000 
0.000000 -0.402815 -0.209670 -0.041657 -0.151611 -0.158822 -0.065448 -0.058509 -0.036539 0.072208 0.110164 0.115731 0.048809 -0.047795 -0.402815 -0.209670 -0.041657 -0.151611 -0.158822 -0.065448 -0.058509 -0.036539 0.072208 0.110164 0.115731 0.048809 -0.047795 -0.402815 -0.209670 -0.041657 -0.151611 -0.158822 -0.065448 -0.058509 -0.036539 0.072208 0.110164 0.115731 0.048809 -0.047795 -0.402815 
0.000000 -540.000000 -520.000000 -500.000000 -480.000000 -460.000000 -440.000000 -420.000000 -400.000000 -320.000000 -300.000000 -280.000000 -260.000000 -240.000000 -180.000000 -160.000000 -140.000000 -120.000000 -100.000000 -80.000000 -60.000000 -40.000000 40.000000 60.000000 80.000000 100.000000 120.000000 180.000000 200.000000 220.000000 240.000000 260.000000 280.000000 300.000000 320.000000 400.000000 420.000000 440.000000 460.000000 480.000000 540.000000 
0.000000 -0.460356 -0.168544 0.079636 0.053869 -0.029566 -0.032010 -0.023224 -0.169963 0.061679 0.183554 0.491729 0.924953 -0.379180 -0.460356 -0.168544 0.079636 0.053869 -0.029566 -0.032010 -0.023224 -0.169963 0.061679 0.183554 0.491729 0.924953 -0.379180 -0.460356 -0.168544 0.079636 0.053869 -0.029566 -0.032010 -0.023224 -0.169963 0.061679 0.183554 0.491729 0.924953 -0.379180 -0.460356 
0.000000 -540.000000 -520.000000 -500.000000 -480.000000 -460.000000 -440.000000 -420.000000 -400.000000 -320.000000 -300.000000 -280.000000 -260.000000 -240.000000 -180.000000 -160.000000 -140.000000 -120.000000 -100.000000 -80.000000 -60.000000 -40.000000 40.000000 60.000000 80.000000 100.000000 120.000000 180.000000 200.000000 220.000000 240.000000 260.000000 280.000000 300.000000 320.000000 400.000000 420.000000 440.000000 460.000000 480.000000 540.000000 
0.000000 0.237957 0.208848 -0.196143 -0.053846 0.020345 -0.064767 -0.185974 -0.244964 1.047842 0.857359 0.119624 -0.117061 0.804435 0.237957 0.208848 -0.196143 -0.053846 0.020345 -0.064767 -0.185974 -0.244964 1.047842 0.857359 0.119624 -0.117061 0.804435 0.237957 0.208848 -0.196143 -0.053846 0.020345 -0.064767 -0.185974 -0.244964 1.047842 0.857359 0.119624 -0.117061 0.804435 0.237957 
0.000000 -540.000000 -520.000000 -500.000000 -480.000000 -460.000000 -440.000000 -420.000000 -400.000000 -320.000000 -300.000000 -280.000000 -260.000000 -240.000000 -180.000000 -160.000000 -140.000000 -120.000000 -100.000000 -80.000000 -60.000000 -40.000000 40.000000 60.000000 80.000000 100.000000 120.000000 180.000000 200.000000 220.000000 240.000000 260.000000 280.000000 300.000000 320.000000 400.000000 420.000000 440.000000 460.000000 480.000000 540.000000 
0.000000 0.404341 0.322300 -0.282208 -0.139190 0.038477 0.060902 0.021203 -0.046825 0.951747 0.527204 0.078534 -0.055179 0.971310 0.404341 0.322300 -0.282208 -0.139190 0.038477 0.060902 0.021203 -0.046825 0.951747 0.527204 0.078534 -0.055179 0.971310 0.404341 0.322300 -0.282208 -0.139190 0.038477 0.060902 0.021203 -0.046825 0.951747 0.527204 0.078534 -0.055179 0.971310 0.404341 
0.000000 -540.000000 -520.000000 -500.000000 -480.000000 -460.000000 -440.000000 -420.000000 -400.000000 -320.000000 -300.000000 -280.000000 -260.000000 -240.000000 -180.000000 -160.000000 -140.000000 -120.000000 -100.000000 -80.000000 -60.000000 -40.000000 40.000000 60.000000 80.000000 100.000000 120.000000 180.000000 200.000000 220.000000 240.000000 260.000000 280.000000 300.000000 320.000000 400.000000 420.000000 440.000000 460.000000 480.000000 540.000000 
0.000000 -0.380183 -0.138069 0.073019 0.043227 -0.036405 -0.033117 -0.045455 -0.182725 0.105471 0.189862 0.667806 1.075496 -0.369950 -0.380183 -0.138069 0.073019 0.043227 -0.036405 -0.033117 -0.045455 -0.182725 0.105471 0.189862 0.667806 1.075496 -0.369950 -0.380183 -0.138069 0.073019 0.043227 -0.036405 -0.033117 -0.045455 -0.182725 0.105471 0.189862 0.667806 1.075496 -0.369950 -0.380183 
0.000000 -540.000000 -520.000000 -500.000000 -480.000000 -460.000000 -440.000000 -420.000000 -400.000000 -320.000000 -300.000000 -280.000000 -260.000000 -240.000000 -180.000000 -160.000000 -140.000000 -120.000000 -100.000000 -80.000000 -60.000000 -40.000000 40.000000 60.000000 80.000000 100.000000 120.000000 180.000000 200.000000 220.000000 240.000000 260.000000 280.000000 300.000000 320.000000 400.000000 420.000000 440.000000 460.000000 480.000000 540.000000 
0.000000 -0.345699 -0.024543 0.050605 0.050566 -0.004483 0.022299 0.019977 -0.236770 -0.191811 -0.038215 0.126692 0.270202 -0.320859 -0.345699 -0.024543 0.050605 0.050566 -0.004483 0.022299 0.019977 -0.236770 -0.191811 -0.038215 0.126692 0.270202 -0.320859 -0.345699 -0.024543 0.050605 0.050566 -0.004483 0.022299 0.019977 -0.236770 -0.191811 -0.038215 0.126692 0.270202 -0.320859 -0.345699 
0.000000 -540.000000 -520.000000 -500.000000 -480.000000 -460.000000 -440.000000 -420.000000 -400.000000 -320.000000 -300.000000 -280.000000 -260.000000 -240.000000 -180.000000 -160.000000 -140.000000 -120.000000 -100.000000 -80.000000 -60.000000 -40.000000 40.000000 60.000000 80.000000 100.000000 120.000000 180.000000 200.000000 220.000000 240.000000 260.000000 280.000000 300.000000 320.000000 400.000000 420.000000 440.000000 460.000000 480.000000 540.000000 
0.000000 -0.396076 -0.017217 0.073427 0.064962 0.002363 0.030112 0.030961 -0.257643 -0.216870 -0.012383 0.145849 0.279647 -0.341926 -0.396076 -0.017217 0.073427 0.064962 0.002363 0.030112 0.030961 -0.257643 -0.216870 -0.012383 0.145849 0.279647 -0.341926 -0.396076 -0.017217 0.073427 0.064962 0.002363 0.030112 0.030961 -0.257643 -0.216870 -0.012383 0.145849 0.279647 -0.341926 -0.396076 
0.000000 -540.000000 -520.000000 -500.000000 -480.000000 -460.000000 -440.000000 -420.000000 -400.000000 -320.000000 -300.000000 -280.000000 -260.000000 -240.000000 -180.000000 -160.000000 -140.000000 -120.000000 -100.000000 -80.000000 -60.000000 -40.000000 40.000000 60.000000 80.000000 100.000000 120.000000 180.000000 200.000000 220.000000 240.000000 260.000000 280.000000 300.000000 320.000000 400.000000 420.000000 440.000000 460.000000 480.000000 540.000000 
0.000000 -0.512432 -0.031536 0.103388 0.079296 0.002048 0.031219 0.040887 -0.274899 -0.236816 0.044010 0.182211 0.297221 -0.368307 -0.512432 -0.031536 0.103388 0.079296 0.002048 0.031219 0.040887 -0.274899 -0.236816 0.044010 0.182211 0.297221 -0.368307 -0.512432 -0.031536 0.103388 0.079296 0.002048 0.031219 0.040887 -0.274899 -0.236816 0.044010 0.182211 0.297221 -0.368307 -0.512432 
0.000000 -540.000000 -520.000000 -500.000000 -480.000000 -460.000000 -440.000000 -420.000000 -400.000000 -320.000000 -300.000000 -280.000000 -260.000000 -240.000000 -180.000000 -160.000000 -140.000000 -120.000000 -100.000000 -80.000000 -60.000000 -40.000000 40.000000 60.000000 80.000000 100.000000 120.000000 180.000000 200.000000 220.000000 240.000000 260.000000 280.000000 300.000000 320.000000 400.000000 420.000000 440.000000 460.000000 480.000000 540.000000 
0.000000 -0.473021 -0.023814 0.094915 0.075795 0.003332 0.032257 0.038720 -0.271731 -0.233674 0.024720 0.170377 0.289892 -0.360835 -0.473021 -0.023814 0.094915 0.075795 0.003332 0.032257 0.038720 -0.271731 -0.233674 0.024720 0.170377 0.289892 -0.360835 -0.473021 -0.023814 0.094915 0.075795 0.003332 0.032257 0.038720 -0.271731 -0.233674 0.024720 0.170377 0.289892 -0.360835 -0.473021 
0.000000 -540.000000 -520.000000 -500.000000 -480.000000 -460.000000 -440.000000 -420.000000 -400.000000 -320.000000 -300.000000 -280.000000 -260.000000 -240.000000 -180.000000 -160.000000 -140.000000 -120.000000 -100.000000 -80.000000 -60.000000 -40.000000 40.000000 60.000000 80.000000 100.000000 120.000000 180.000000 200.000000 220.000000 240.000000 260.000000 280.000000 300.000000 320.000000 400.000000 420.000000 440.000000 460.000000 480.000000 540.000000 
0.000000 -0.431264 -0.217924 -0.052210 -0.127030 -0.146391 -0.070730 -0.062844 -0.044753 0.045718 0.066743 0.112406 0.073093 -0.096768 -0.431264 -0.217924 -0.052210 -0.127030 -0.146391 -0.070730 -0.062844 -0.044753 0.045718 0.066743 0.112406 0.073093 -0.096768 -0.431264 -0.217924 -0.052210 -0.127030 -0.146391 -0.070730 -0.062844 -0.044753 0.045718 0.066743 0.112406 0.073093 -0.096768 -0.431264 
0.000000 -540.000000 -520.000000 -500.000000 -480.000000 -460.000000 -440.000000 -420.000000 -400.000000 -320.000000 -300.000000 -280.000000 -260.000000 -240.000000 -180.000000 -160.000000 -140.000000 -120.000000 -100.000000 -80.000000 -60.000000 -40.000000 40.000000 60.000000 80.000000 100.000000 120.000000 180.000000 200.000000 220.000000 240.000000 260.000000 280.000000 300.000000 320.000000 400.000000 420.000000 440.000000 460.000000 480.000000 540.000000 
0.000000 -0.591736 -0.173597 0.099528 0.070740 -0.020387 -0.019118 0.011230 -0.186479 -0.046332 0.170584 0.292157 0.660510 -0.391281 -0.591736 -0.173597 0.099528 0.070740 -0.020387 -0.019118 0.011230 -0.186479 -0.046332 0.170584 0.292157 0.660510 -0.391281 -0.591736 -0.173597 0.099528 0.070740 -0.020387 -0.019118 0.011230 -0.186479 -0.046332 0.170584 0.292157 0.660510 -0.391281 -0.591736 
0.000000 -540.000000 -520.000000 -500.000000 -480.000000 -460.000000 -440.000000 -420.000000 -400.000000 -320.000000 -300.000000 -280.000000 -260.000000 -240.000000 -180.000000 -160.000000 -140.000000 -120.000000 -100.000000 -80.000000 -60.000000 -40.000000 40.000000 60.000000 80.000000 100.000000 120.000000 180.000000 200.000000 220.000000 240.000000 260.000000 280.000000 300.000000 320.000000 400.000000 420.000000 440.000000 460.000000 480.000000 540.000000 
0.000000 -0.201483 -0.039414 0.054799 -0.003275 -0.065822 -0.025658 -0.095978 -0.255796 0.169261 0.198375 1.167754 1.402868 -0.341431 -0.201483 -0.039414 0.054799 -0.003275 -0.065822 -0.025658 -0.095978 -0.255796 0.169261 0.198375 1.167754 1.402868 -0.341431 -0.201483 -0.039414 0.054799 -0.003275 -0.065822 -0.025658 -0.095978 -0.255796 0.169261 0.198375 1.167754 1.402868 -0.341431 -0.201483 
0.000000 -540.000000 -520.000000 -500.000000 -480.000000 -460.000000 -440.000000 -420.000000 -400.000000 -320.000000 -300.000000 -280.000000 -260.000000 -240.000000 -180.000000 -160.000000 -140.000000 -120.000000 -100.000000 -80.000000 -60.000000 -40.000000 40.000000 60.000000 80.000000 100.000000 120.000000 180.000000 200.000000 220.000000 240.000000 260.000000 280.000000 300.000000 320.000000 400.000000 420.000000 440.000000 460.000000 480.000000 540.000000 
0.000000 -0.649320 -0.095673 0.121918 0.083883 -0.009782 0.013038 0.038725 -0.255531 -0.197502 0.126256 0.223418 0.386606 -0.390481 -0.649320 -0.095673 0.121918 0.083883 -0.009782 0.013038 0.038725 -0.255531 -0.197502 0.126256 0.223418 0.386606 -0.390481 -0.649320 -0.095673 0.121918 0.083883 -0.009782 0.013038 0.038725 -0.255531 -0.197502 0.126256 0.223418 0.386606 -0.390481 -0.649320 
0.000000 -540.000000 -520.000000 -500.000000 -480.000000 -460.000000 -440.000000 -420.000000 -400.000000 -320.000000 -300.000000 -280.000000 -260.000000 -240.000000 -180.000000 -160.000000 -140.000000 -120.000000 -100.000000 -80.000000 -60.000000 -40.000000 40.000000 60.000000 80.000000 100.000000 120.000000 180.000000 200.000000 220.000000 240.000000 260.000000 280.000000 300.000000 320.000000 400.000000 420.000000 440.000000 460.000000 480.000000 540.000000 
0.000000 -0.417843 -0.215566 -0.046698 -0.142110 -0.154291 -0.068225 -0.060793 -0.038877 0.061352 0.092105 0.114438 0.057113 -0.069485 -0.417843 -0.215566 -0.046698 -0.142110 -0.154291 -0.068225 -0.060793 -0.038877 0.061352 0.092105 0.114438 0.057113 -0.069485 -0.417843 -0.215566 -0.046698 -0.142110 -0.154291 -0.068225 -0.060793 -0.038877 0.061352 0.092105 0.114438 0.057113 -0.069485 -0.417843 
0.000000 -540.000000 -520.000000 -500.000000 -480.000000 -460.000000 -440.000000 -420.000000 -400.000000 -320.000000 -300.000000 -280.000000 -260.000000 -240.000000 -180.000000 -160.000000 -140.000000 -120.000000 -100.000000 -80.000000 -60.000000 -40.000000 40.000000 60.000000 80.000000 100.000000 120.000000 180.000000 200.000000 220.000000 240.000000 260.000000 280.000000 300.000000 320.000000 400.000000 420.000000 440.000000 460.000000 480.000000 540.000000 
0.000000 0.322471 0.259481 -0.327981 -0.185190 -0.016619 0.009151 -0.074201 -0.167131 0.999331 0.708049 0.115841 -0.068932 0.901775 0.322471 0.259481 -0.327981 -0.185190 -0.016619 0.009151 -0.074201 -0.167131 0.999331 0.708049 0.115841 -0.068932 0.901775 0.322471 0.259481 -0.327981 -0.185190 -0.016619 0.009151 -0.074201 -0.167131 0.999331 0.708049 0.115841 -0.068932 0.901775 0.322471 
0.000000 -540.000000 -520.000000 -500.000000 -480.000000 -460.000000 -440.000000 -420.000000 -400.000000 -320.000000 -300.000000 -280.000000 -260.000000 -240.000000 -180.000000 -160.000000 -140.000000 -120.000000 -100.000000 -80.000000 -60.000000 -40.000000 40.000000 60.000000 80.000000 100.000000 120.000000 180.000000 200.000000 220.000000 240.000000 260.000000 280.000000 300.000000 320.000000 400.000000 420.000000 440.000000 460.000000 480.000000 540.000000 
0.000000 -0.438365 -0.019280 0.086254 0.071750 0.003614 0.032096 0.035933 -0.266885 -0.228039 0.008030 0.159653 0.284978 -0.353263 -0.438365 -0.019280 0.086254 0.071750 0.003614 0.032096 0.035933 -0.266885 -0.228039 0.008030 0.159653 0.284978 -0.353263 -0.438365 -0.019280 0.086254 0.071750 0.003614 0.032096 0.035933 -0.266885 -0.228039 0.008030 0.159653 0.284978 -0.353263 -0.438365 
0.000000 -540.000000 -520.000000 -500.000000 -480.000000 -460.000000 -440.000000 -420.000000 -400.000000 -320.000000 -300.000000 -280.000000 -260.000000 -240.000000 -180.000000 -160.000000 -140.000000 -120.000000 -100.000000 -80.000000 -60.000000 -40.000000 40.000000 60.000000 80.000000 100.000000 120.000000 180.000000 200.000000 220.000000 240.000000 260.000000 280.000000 300.000000 320.000000 400.000000 420.000000 440.000000 460.000000 480.000000 540.000000 
0.000000 -0.278974 -0.133154 -0.019600 -0.166275 -0.164727 -0.052638 -0.047623 -0.047057 0.120505 0.166559 0.117211 0.074920 0.078053 -0.278974 -0.133154 -0.019600 -0.166275 -0.164727 -0.052638 -0.047623 -0.047057 0.120505 0.166559 0.117211 0.074920 0.078053 -0.278974 -0.133154 -0.019600 -0.166275 -0.164727 -0.052638 -0.047623 -0.047057 0.120505 0.166559 0.117211 0.074920 0.078053 -0.278974 
0.000000 -540.000000 -520.000000 -500.000000 -480.000000 -460.000000 -440.000000 -420.000000 -400.000000 -320.000000 -300.000000 -280.000000 -260.000000 -240.000000 -180.000000 -160.000000 -140.000000 -120.000000 -100.000000 -80.000000 -60.000000 -40.000000 40.000000 60.000000 80.000000 100.000000 120.000000 180.000000 200.000000 220.000000 240.000000 260.000000 280.000000 300.000000 320.000000 400.000000 420.000000 440.000000 460.000000 480.000000 540.000000 
0.000000 -0.122366 -0.012197 -0.019531 -0.138411 -0.151818 -0.050293 -0.044338 -0.071134 0.165824 0.145834 0.101980 0.203191 0.219640 -0.122366 -0.012197 -0.019531 -0.138411 -0.151818 -0.050293 -0.044338 -0.071134 0.165824 0.145834 0.101980 0.203191 0.219640 -0.122366 -0.012197 -0.019531 -0.138411 -0.151818 -0.050293 -0.044338 -0.071134 0.165824 0.145834 0.101980 0.203191 0.219640 -0.122366 
0.000000 -540.000000 -520.000000 -500.000000 -480.000000 -460.000000 -440.000000 -420.000000 -400.000000 -320.000000 -300.000000 -280.000000 -260.000000 -240.000000 -180.000000 -160.000000 -140.000000 -120.000000 -100.000000 -80.000000 -60.000000 -40.000000 40.000000 60.000000 80.000000 100.000000 120.000000 180.000000 200.000000 220.000000 240.000000 260.000000 280.000000 300.000000 320.000000 400.000000 420.000000 440.000000 460.000000 480.000000 540.000000 
0.000000 -0.426090 -0.193048 -0.053301 -0.078598 -0.114738 -0.064817 -0.058043 -0.077158 -0.005538 0.002335 0.106350 0.131125 -0.163564 -0.426090 -0.193048 -0.053301 -0.078598 -0.114738 -0.064817 -0.058043 -0.077158 -0.005538 0.002335 0.106350 0.131125 -0.163564 -0.426090 -0.193048 -0.053301 -0.078598 -0.114738 -0.064817 -0.058043 -0.077158 -0.005538 0.002335 0.106350 0.131125 -0.163564 -0.426090 
0.000000 -540.000000 -520.000000 -500.000000 -480.000000 -460.000000 -440.000000 -420.000000 -400.000000 -320.000000 -300.000000 -280.000000 -260.000000 -240.000000 -180.000000 -160.000000 -140.000000 -120.000000 -100.000000 -80.000000 -60.000000 -40.000000 40.000000 60.000000 80.000000 100.000000 120.000000 180.000000 200.000000 220.000000 240.000000 260.000000 280.000000 300.000000 320.000000 400.000000 420.000000 440.000000 460.000000 480.000000 540.000000 
0.000000 -0.422501 -0.188505 -0.052020 -0.073837 -0.111045 -0.063026 -0.056587 -0.081433 -0.011151 -0.002764 0.105821 0.136887 -0.169514 -0.422501 -0.188505 -0.052020 -0.073837 -0.111045 -0.063026 -0.056587 -0.081433 -0.011151 -0.002764 0.105821 0.136887 -0.169514 -0.422501 -0.188505 -0.052020 -0.073837 -0.111045 -0.063026 -0.056587 -0.081433 -0.011151 -0.002764 0.105821 0.136887 -0.169514 -0.422501 
0.000000 -540.000000 -520.000000 -500.000000 -480.000000 -460.000000 -440.000000 -420.000000 -400.000000 -320.000000 -300.000000 -280.000000 -260.000000 -240.000000 -180.000000 -160.000000 -140.000000 -120.000000 -100.000000 -80.000000 -60.000000 -40.000000 40.000000 60.000000 80.000000 100.000000 120.000000 180.000000 200.000000 220.000000 240.000000 260.000000 280.000000 300.000000 320.000000 400.000000 420.000000 440.000000 460.000000 480.000000 540.000000 
0.000000 -0.545820 -0.179558 0.091034 0.064730 -0.023492 -0.025656 -0.000787 -0.174428 -0.001596 0.176232 0.349536 0.758511 -0.387566 -0.545820 -0.179558 0.091034 0.064730 -0.023492 -0.025656 -0.000787 -0.174428 -0.001596 0.176232 0.349536 0.758511 -0.387566 -0.545820 -0.179558 0.091034 0.064730 -0.023492 -0.025656 -0.000787 -0.174428 -0.001596 0.176232 0.349536 0.758511 -0.387566 -0.545820 
0.000000 -540.000000 -520.000000 -500.000000 -480.000000 -460.000000 -440.000000 -420.000000 -400.000000 -320.000000 -300.000000 -280.000000 -260.000000 -240.000000 -180.000000 -160.000000 -140.000000 -120.000000 -100.000000 -80.000000 -60.000000 -40.000000 40.000000 60.000000 80.000000 100.000000 120.000000 180.000000 200.000000 220.000000 240.000000 260.000000 280.000000 300.000000 320.000000 400.000000 420.000000 440.000000 460.000000 480.000000 540.000000 
0.000000 -0.418562 -0.183731 -0.050529 -0.069144 -0.107314 -0.061069 -0.054994 -0.085820 -0.016799 -0.007580 0.105324 0.142548 -0.175331 -0.418562 -0.183731 -0.050529 -0.069144 -0.107314 -0.061069 -0.054994 -0.085820 -0.016799 -0.007580 0.105324 0.142548 -0.175331 -0.418562 -0.183731 -0.050529 -0.069144 -0.107314 -0.061069 -0.054994 -0.085820 -0.016799 -0.007580 0.105324 0.142548 -0.175331 -0.418562 
0.000000 -540.000000 -520.000000 -500.000000 -480.000000 -460.000000 -440.000000 -420.000000 -400.000000 -320.000000 -300.000000 -280.000000 -260.000000 -240.000000 -180.000000 -160.000000 -140.000000 -120.000000 -100.000000 -80.000000 -60.000000 -40.000000 40.000000 60.000000 80.000000 100.000000 120.000000 180.000000 200.000000 220.000000 240.000000 260.000000 280.000000 300.000000 320.000000 400.000000 420.000000 440.000000 460.000000 480.000000 540.000000 
0.000000 -0.436559 -0.214062 -0.055422 -0.110218 -0.136557 -0.071124 -0.063166 -0.053741 0.028729 0.041744 0.110206 0.092730 -0.122072 -0.436559 -0.214062 -0.055422 -0.110218 -0.136557 -0.071124 -0.063166 -0.053741 0.028729 0.041744 0.110206 0.092730 -0.122072 -0.436559 -0.214062 -0.055422 -0.110218 -0.136557 -0.071124 -0.063166 -0.053741 0.028729 0.041744 0.110206 0.092730 -0.122072 -0.436559 
0.000000 -540.000000 -520.000000 -500.000000 -480.000000 -460.000000 -440.000000 -420.000000 -400.000000 -320.000000 -300.000000 -280.000000 -260.000000 -240.000000 -180.000000 -160.000000 -140.000000 -120.000000 -100.000000 -80.000000 -60.000000 -40.000000 40.000000 60.000000 80.000000 100.000000 120.000000 180.000000 200.000000 220.000000 240.000000 260.000000 280.000000 300.000000 320.000000 400.000000 420.000000 440.000000 460.000000 480.000000 540.000000 
0.000000 -0.435856 -0.215812 -0.054768 -0.115254 -0.139620 -0.071266 -0.063282 -0.050798 0.033844 0.048920 0.110856 0.086730 -0.114863 -0.435856 -0.215812 -0.054768 -0.115254 -0.139620 -0.071266 -0.063282 -0.050798 0.033844 0.048920 0.110856 0.086730 -0.114863 -0.435856 -0.215812 -0.054768 -0.115254 -0.139620 -0.071266 -0.063282 -0.050798 0.033844 0.048920 0.110856 0.086730 -0.114863 -0.435856 
0.000000 -540.000000 -520.000000 -500.000000 -480.000000 -460.000000 -440.000000 -420.000000 -400.000000 -320.000000 -300.000000 -280.000000 -260.000000 -240.000000 -180.000000 -160.000000 -140.000000 -120.000000 -100.000000 -80.000000 -60.000000 -40.000000 40.000000 60.000000 80.000000 100.000000 120.000000 180.000000 200.000000 220.000000 240.000000 260.000000 280.000000 300.000000 320.000000 400.000000 420.000000 440.000000 460.000000 480.000000 540.000000 
0.000000 -0.433923 -0.204688 -0.055645 -0.093003 -0.125265 -0.068901 -0.061359 -0.065407 0.010670 0.019090 0.108051 0.113599 -0.145217 -0.433923 -0.204688 -0.055645 -0.093003 -0.125265 -0.068901 -0.061359 -0.065407 0.010670 0.019090 0.108051 0.113599 -0.145217 -0.433923 -0.204688 -0.055645 -0.093003 -0.125265 -0.068901 -0.061359 -0.065407 0.010670 0.019090 0.108051 0.113599 -0.145217 -0.433923 
0.000000 -540.000000 -520.000000 -500.000000 -480.000000 -460.000000 -440.000000 -420.000000 -400.000000 -320.000000 -300.000000 -280.000000 -260.000000 -240.000000 -180.000000 -160.000000 -140.000000 -120.000000 -100.000000 -80.000000 -60.000000 -40.000000 40.000000 60.000000 80.000000 100.000000 120.000000 180.000000 200.000000 220.000000 240.000000 260.000000 280.000000 300.000000 320.000000 400.000000 420.000000 440.000000 460.000000 480.000000 540.000000 
0.000000 -0.566045 -0.178197 0.094532 0.067342 -0.022136 -0.023129 0.004463 -0.178721 -0.020041 0.174028 0.322644 0.716629 -0.389290 -0.566045 -0.178197 0.094532 0.067342 -0.022136 -0.023129 0.004463 -0.178721 -0.020041 0.174028 0.322644 0.716629 -0.389290 -0.566045 -0.178197 0.094532 0.067342 -0.022136 -0.023129 0.004463 -0.178721 -0.020041 0.174028 0.322644 0.716629 -0.389290 -0.566045 
0.000000 -540.000000 -520.000000 -500.000000 -480.000000 -460.000000 -440.000000 -420.000000 -400.000000 -320.000000 -300.000000 -280.000000 -260.000000 -240.000000 -180.000000 -160.000000 -140.000000 -120.000000 -100.000000 -80.000000 -60.000000 -40.000000 40.000000 60.000000 80.000000 100.000000 120.000000 180.000000 200.000000 220.000000 240.000000 260.000000 280.000000 300.000000 320.000000 400.000000 420.000000 440.000000 460.000000 480.000000 540.000000 
0.000000 -0.626917 -0.159631 0.107779 0.075743 -0.017698 -0.011328 0.021126 -0.203163 -0.090891 0.163361 0.257013 0.572942 -0.393458 -0.626917 -0.159631 0.107779 0.075743 -0.017698 -0.011328 0.021126 -0.203163 -0.090891 0.163361 0.257013 0.572942 -0.393458 -0.626917 -0.159631 0.107779 0.075743 -0.017698 -0.011328 0.021126 -0.203163 -0.090891 0.163361 0.257013 0.572942 -0.393458 -0.626917 
0.000000 -540.000000 -520.000000 -500.000000 -480.000000 -460.000000 -440.000000 -420.000000 -400.000000 -320.000000 -300.000000 -280.000000 -260.000000 -240.000000 -180.000000 -160.000000 -140.000000 -120.000000 -100.000000 -80.000000 -60.000000 -40.000000 40.000000 60.000000 80.000000 100.000000 120.000000 180.000000 200.000000 220.000000 240.000000 260.000000 280.000000 300.000000 320.000000 400.000000 420.000000 440.000000 460.000000 480.000000 540.000000 
0.000000 -0.467485 -0.170383 0.080396 0.054775 -0.029023 -0.031705 -0.021311 -0.169577 0.057137 0.182993 0.478059 0.911427 -0.379939 -0.467485 -0.170383 0.080396 0.054775 -0.029023 -0.031705 -0.021311 -0.169577 0.057137 0.182993 0.478059 0.911427 -0.379939 -0.467485 -0.170383 0.080396 0.054775 -0.029023 -0.031705 -0.021311 -0.169577 0.057137 0.182993 0.478059 0.911427 -0.379939 -0.467485 
0.000000 -540.000000 -520.000000 -500.000000 -480.000000 -460.000000 -440.000000 -420.000000 -400.000000 -320.000000 -300.000000 -280.000000 -260.000000 -240.000000 -180.000000 -160.000000 -140.000000 -120.000000 -100.000000 -80.000000 -60.000000 -40.000000 40.000000 60.000000 80.000000 100.000000 120.000000 180.000000 200.000000 220.000000 240.000000 260.000000 280.000000 300.000000 320.000000 400.000000 420.000000 440.000000 460.000000 480.000000 540.000000 
0.000000 -0.470182 -0.023361 0.094252 0.075502 0.003389 0.032283 0.038526 -0.271410 -0.233315 0.023346 0.169511 0.289448 -0.360256 -0.470182 -0.023361 0.094252 0.075502 0.003389 0.032283 0.038526 -0.271410 -0.233315 0.023346 0.169511 0.289448 -0.360256 -0.470182 -0.023361 0.094252 0.075502 0.003389 0.032283 0.038526 -0.271410 -0.233315 0.023346 0.169511 0.289448 -0.360256 -0.470182 
0.000000 -540.000000 -520.000000 -500.000000 -480.000000 -460.000000 -440.000000 -420.000000 -400.000000 -320.000000 -300.000000 -280.000000 -260.000000 -240.000000 -180.000000 -160.000000 -140.000000 -120.000000 -100.000000 -80.000000 -60.000000 -40.000000 40.000000 60.000000 80.000000 100.000000 120.000000 180.000000 200.000000 220.000000 240.000000 260.000000 280.000000 300.000000 320.000000 400.000000 420.000000 440.000000 460.000000 480.000000 540.000000 
0.000000 -0.362136 -0.020038 0.059773 0.056711 -0.001025 0.026058 0.024704 -0.245749 -0.202501 -0.029352 0.133582 0.274340 -0.329495 -0.362136 -0.020038 0.059773 0.056711 -0.001025 0.026058 0.024704 -0.245749 -0.202501 -0.029352 0.133582 0.274340 -0.329495 -0.362136 -0.020038 0.059773 0.056711 -0.001025 0.026058 0.024704 -0.245749 -0.202501 -0.029352 0.133582 0.274340 -0.329495 -0.362136 
0.000000 -540.000000 -520.000000 -500.000000 -480.000000 -460.000000 -440.000000 -420.000000 -400.000000 -320.000000 -300.000000 -280.000000 -260.000000 -240.000000 -180.000000 -160.000000 -140.000000 -120.000000 -100.000000 -80.000000 -60.000000 -40.000000 40.000000 60.000000 80.000000 100.000000 120.000000 180.000000 200.000000 220.000000 240.000000 260.000000 280.000000 300.000000 320.000000 400.000000 420.000000 440.000000 460.000000 480.000000 540.000000 
0.000000 -0.181993 -0.028787 0.050426 -0.013609 -0.071928 -0.024209 -0.101137 -0.268132 0.173543 0.197871 1.230955 1.437566 -0.336910 -0.181993 -0.028787 0.050426 -0.013609 -0.071928 -0.024209 -0.101137 -0.268132 0.173543 0.197871 1.230955 1.437566 -0.336910 -0.181993 -0.028787 0.050426 -0.013609 -0.071928 -0.024209 -0.101137 -0.268132 0.173543 0.197871 1.230955 1.437566 -0.336910 -0.181993 
0.000000 -540.000000 -520.000000 -500.000000 -480.000000 -460.000000 -440.000000 -420.000000 -400.000000 -320.000000 -300.000000 -280.000000 -260.000000 -240.000000 -180.000000 -160.000000 -140.000000 -120.000000 -100.000000 -80.000000 -60.000000 -40.000000 40.000000 60.000000 80.000000 100.000000 120.000000 180.000000 200.000000 220.000000 240.000000 260.000000 280.000000 300.000000 320.000000 400.000000 420.000000 440.000000 460.000000 480.000000 540.000000 
0.000000 -0.594268 -0.057626 0.117166 0.083714 -0.003247 0.024832 0.042303 -0.272936 -0.230074 0.087139 0.206291 0.325934 -0.381572 -0.594268 -0.057626 0.117166 0.083714 -0.003247 0.024832 0.042303 -0.272936 -0.230074 0.087139 0.206291 0.325934 -0.381572 -0.594268 -0.057626 0.117166 0.083714 -0.003247 0.024832 0.042303 -0.272936 -0.230074 0.087139 0.206291 0.325934 -0.381572 -0.594268 
0.000000 -540.000000 -520.000000 -500.000000 -480.000000 -460.000000 -440.000000 -420.000000 -400.000000 -320.000000 -300.000000 -280.000000 -260.000000 -240.000000 -180.000000 -160.000000 -140.000000 -120.000000 -100.000000 -80.000000 -60.000000 -40.000000 40.000000 60.000000 80.000000 100.000000 120.000000 180.000000 200.000000 220.000000 240.000000 260.000000 280.000000 300.000000 320.000000 400.000000 420.000000 440.000000 460.000000 480.000000 540.000000 
0.000000 0.193527 0.190373 -0.072888 0.146915 0.067454 -0.095588 -0.209865 -0.267140 1.079913 0.972471 0.064847 -0.178110 0.735360 0.193527 0.190373 -0.072888 0.146915 0.067454 -0.095588 -0.209865 -0.267140 1.079913 0.972471 0.064847 -0.178110 0.735360 0.193527 0.190373 -0.072888 0.146915 0.067454 -0.095588 -0.209865 -0.267140 1.079913 0.972471 0.064847 -0.178110 0.735360 0.193527 
0.000000 -540.000000 -520.000000 -500.000000 -480.000000 -460.000000 -440.000000 -420.000000 -400.000000 -320.000000 -300.000000 -280.000000 -260.000000 -240.000000 -180.000000 -160.000000 -140.000000 -120.000000 -100.000000 -80.000000 -60.000000 -40.000000 40.000000 60.000000 80.000000 100.000000 120.000000 180.000000 200.000000 220.000000 240.000000 260.000000 280.000000 300.000000 320.000000 400.000000 420.000000 440.000000 460.000000 480.000000 540.000000 
0.000000 -0.149275 -0.033828 -0.018571 -0.142999 -0.154638 -0.051418 -0.045593 -0.068172 0.158179 0.154224 0.106893 0.177889 0.195468 -0.149275 -0.033828 -0.018571 -0.142999 -0.154638 -0.051418 -0.045593 -0.068172 0.158179 0.154224 0.106893 0.177889 0.195468 -0.149275 -0.033828 -0.018571 -0.142999 -0.154638 -0.051418 -0.045593 -0.068172 0.158179 0.154224 0.106893 0.177889 0.195468 -0.149275 
0.000000 -540.000000 -520.000000 -500.000000 -480.000000 -460.000000 -440.000000 -420.000000 -400.000000 -320.000000 -300.000000 -280.000000 -260.000000 -240.000000 -180.000000 -160.000000 -140.000000 -120.000000 -100.000000 -80.000000 -60.000000 -40.000000 40.000000 60.000000 80.000000 100.000000 120.000000 180.000000 200.000000 220.000000 240.000000 260.000000 280.000000 300.000000 320.000000 400.000000 420.000000 440.000000 460.000000 480.000000 540.000000 
0.000000 -0.488203 -0.026472 0.098333 0.077265 0.002945 0.032002 0.039670 -0.273234 -0.235291 0.032094 0.174971 0.292434 -0.363832 -0.488203 -0.026472 0.098333 0.077265 0.002945 0.032002 0.039670 -0.273234 -0.235291 0.032094 0.174971 0.292434 -0.363832 -0.488203 -0.026472 0.098333 0.077265 0.002945 0.032002 0.039670 -0.273234 -0.235291 0.032094 0.174971 0.292434 -0.363832 -0.488203 
0.000000 -540.000000 -520.000000 -500.000000 -480.000000 -460.000000 -440.000000 -420.000000 -400.000000 -320.000000 -300.000000 -280.000000 -260.000000 -240.000000 -180.000000 -160.000000 -140.000000 -120.000000 -100.000000 -80.000000 -60.000000 -40.000000 40.000000 60.000000 80.000000 100.000000 120.000000 180.000000 200.000000 220.000000 240.000000 260.000000 280.000000 300.000000 320.000000 400.000000 420.000000 440.000000 460.000000 480.000000 540.000000 
0.000000 -0.348725 -0.179981 -0.028513 -0.166535 -0.165078 -0.057592 -0.051966 -0.037767 0.097320 0.147481 0.117671 0.046450 0.012084 -0.348725 -0.179981 -0.028513 -0.166535 -0.165078 -0.057592 -0.051966 -0.037767 0.097320 0.147481 0.117671 0.046450 0.012084 -0.348725 -0.179981 -0.028513 -0.166535 -0.165078 -0.057592 -0.051966 -0.037767 0.097320 0.147481 0.117671 0.046450 0.012084 -0.348725 
0.000000 -540.000000 -520.000000 -500.000000 -480.000000 -460.000000 -440.000000 -420.000000 -400.000000 -320.000000 -300.000000 -280.000000 -260.000000 -240.000000 -180.000000 -160.000000 -140.000000 -120.000000 -100.000000 -80.000000 -60.000000 -40.000000 40.000000 60.000000 80.000000 100.000000 120.000000 180.000000 200.000000 220.000000 240.000000 260.000000 280.000000 300.000000 320.000000 400.000000 420.000000 440.000000 460.000000 480.000000 540.000000 
0.000000 -0.409124 -0.212371 -0.043672 -0.148135 -0.157206 -0.066589 -0.059449 -0.037242 0.068074 0.103309 0.115258 0.051601 -0.056341 -0.409124 -0.212371 -0.043672 -0.148135 -0.157206 -0.066589 -0.059449 -0.037242 0.068074 0.103309 0.115258 0.051601 -0.056341 -0.409124 -0.212371 -0.043672 -0.148135 -0.157206 -0.066589 -0.059449 -0.037242 0.068074 0.103309 0.115258 0.051601 -0.056341 -0.409124 
0.000000 -540.000000 -520.000000 -500.000000 -480.000000 -460.000000 -440.000000 -420.000000 -400.000000 -320.000000 -300.000000 -280.000000 -260.000000 -240.000000 -180.000000 -160.000000 -140.000000 -120.000000 -100.000000 -80.000000 -60.000000 -40.000000 40.000000 60.000000 80.000000 100.000000 120.000000 180.000000 200.000000 220.000000 240.000000 260.000000 280.000000 300.000000 320.000000 400.000000 420.000000 440.000000 460.000000 480.000000 540.000000 
0.000000 -0.224943 -0.093078 -0.017545 -0.157783 -0.161465 -0.052108 -0.046858 -0.056463 0.136542 0.167559 0.115045 0.112579 0.127273 -0.224943 -0.093078 -0.017545 -0.157783 -0.161465 -0.052108 -0.046858 -0.056463 0.136542 0.167559 0.115045 0.112579 0.127273 -0.224943 -0.093078 -0.017545 -0.157783 -0.161465 -0.052108 -0.046858 -0.056463 0.136542 0.167559 0.115045 0.112579 0.127273 -0.224943 
0.000000 -540.000000 -520.000000 -500.000000 -480.000000 -460.000000 -440.000000 -420.000000 -400.000000 -320.000000 -300.000000 -280.000000 -260.000000 -240.000000 -180.000000 -160.000000 -140.000000 -120.000000 -100.000000 -80.000000 -60.000000 -40.000000 40.000000 60.000000 80.000000 100.000000 120.000000 180.000000 200.000000 220.000000 240.000000 260.000000 280.000000 300.000000 320.000000 400.000000 420.000000 440.000000 460.000000 480.000000 540.000000 
0.000000 -0.376572 -0.196357 -0.034469 -0.161338 -0.163056 -0.061193 -0.054984 -0.036004 0.085917 0.131898 0.117035 0.043909 -0.016797 -0.376572 -0.196357 -0.034469 -0.161338 -0.163056 -0.061193 -0.054984 -0.036004 0.085917 0.131898 0.117035 0.043909 -0.016797 -0.376572 -0.196357 -0.034469 -0.161338 -0.163056 -0.061193 -0.054984 -0.036004 0.085917 0.131898 0.117035 0.043909 -0.016797 -0.376572 
0.000000 -540.000000 -520.000000 -500.000000 -480.000000 -460.000000 -440.000000 -420.000000 -400.000000 -320.000000 -300.000000 -280.000000 -260.000000 -240.000000 -180.000000 -160.000000 -140.000000 -120.000000 -100.000000 -80.000000 -60.000000 -40.000000 40.000000 60.000000 80.000000 100.000000 120.000000 180.000000 200.000000 220.000000 240.000000 260.000000 280.000000 300.000000 320.000000 400.000000 420.000000 440.000000 460.000000 480.000000 540.000000 
0.000000 -0.305403 -0.151677 -0.022046 -0.168160 -0.165516 -0.053844 -0.048736 -0.042967 0.112238 0.162057 0.117671 0.061006 0.053616 -0.305403 -0.151677 -0.022046 -0.168160 -0.165516 -0.053844 -0.048736 -0.042967 0.112238 0.162057 0.117671 0.061006 0.053616 -0.305403 -0.151677 -0.022046 -0.168160 -0.165516 -0.053844 -0.048736 -0.042967 0.112238 0.162057 0.117671 0.061006 0.053616 -0.305403 
0.000000 -540.000000 -520.000000 -500.000000 -480.000000 -460.000000 -440.000000 -420.000000 -400.000000 -320.000000 -300.000000 -280.000000 -260.000000 -240.000000 -180.000000 -160.000000 -140.000000 -120.000000 -100.000000 -80.000000 -60.000000 -40.000000 40.000000 60.000000 80.000000 100.000000 120.000000 180.000000 200.000000 220.000000 240.000000 260.000000 280.000000 300.000000 320.000000 400.000000 420.000000 440.000000 460.000000 480.000000 540.000000 
0.000000 -0.331694 -0.169202 -0.025589 -0.167968 -0.165560 -0.055853 -0.050485 -0.039535 0.103468 0.154412 0.117796 0.050823 0.028737 -0.331694 -0.169202 -0.025589 -0.167968 -0.165560 -0.055853 -0.050485 -0.039535 0.103468 0.154412 0.117796 0.050823 0.028737 -0.331694 -0.169202 -0.025589 -0.167968 -0.165560 -0.055853 -0.050485 -0.039535 0.103468 0.154412 0.117796 0.050823 0.028737 -0.331694 
0.000000 -540.000000 -520.000000 -500.000000 -480.000000 -460.000000 -440.000000 -420.000000 -400.000000 -320.000000 -300.000000 -280.000000 -260.000000 -240.000000 -180.000000 -160.000000 -140.000000 -120.000000 -100.000000 -80.000000 -60.000000 -40.000000 40.000000 60.000000 80.000000 100.000000 120.000000 180.000000 200.000000 220.000000 240.000000 260.000000 280.000000 300.000000 320.000000 400.000000 420.000000 440.000000 460.000000 480.000000 540.000000 
0.000000 -0.337793 -0.173118 -0.026577 -0.167585 -0.165441 -0.056436 -0.050984 -0.038854 0.101319 0.152126 0.117771 0.049040 0.022836 -0.337793 -0.173118 -0.026577 -0.167585 -0.165441 -0.056436 -0.050984 -0.038854 0.101319 0.152126 0.117771 0.049040 0.022836 -0.337793 -0.173118 -0.026577 -0.167585 -0.165441 -0.056436 -0.050984 -0.038854 0.101319 0.152126 0.117771 0.049040 0.022836 -0.337793 
0.000000 -540.000000 -520.000000 -500.000000 -480.000000 -460.000000 -440.000000 -420.000000 -400.000000 -320.000000 -300.000000 -280.000000 -260.000000 -240.000000 -180.000000 -160.000000 -140.000000 -120.000000 -100.000000 -80.000000 -60.000000 -40.000000 40.000000 60.000000 80.000000 100.000000 120.000000 180.000000 200.000000 220.000000 240.000000 260.000000 280.000000 300.000000 320.000000 400.000000 420.000000 440.000000 460.000000 480.000000 540.000000 
0.000000 -0.323933 -0.164132 -0.024424 -0.168262 -0.165637 -0.055175 -0.049902 -0.040470 0.106133 0.157030 0.117797 0.053419 0.036166 -0.323933 -0.164132 -0.024424 -0.168262 -0.165637 -0.055175 -0.049902 -0.040470 0.106133 0.157030 0.117797 0.053419 0.036166 -0.323933 -0.164132 -0.024424 -0.168262 -0.165637 -0.055175 -0.049902 -0.040470 0.106133 0.157030 0.117797 0.053419 0.036166 -0.323933 
0.000000 -540.000000 -520.000000 -500.000000 -480.000000 -460.000000 -440.000000 -420.000000 -400.000000 -320.000000 -300.000000 -280.000000 -260.000000 -240.000000 -180.000000 -160.000000 -140.000000 -120.000000 -100.000000 -80.000000 -60.000000 -40.000000 40.000000 60.000000 80.000000 100.000000 120.000000 180.000000 200.000000 220.000000 240.000000 260.000000 280.000000 300.000000 320.000000 400.000000 420.000000 440.000000 460.000000 480.000000 540.000000 
0.000000 -0.114884 -0.006144 -0.019831 -0.137273 -0.151007 -0.049852 -0.043874 -0.071802 0.167953 0.143173 0.100392 0.210356 0.226359 -0.114884 -0.006144 -0.019831 -0.137273 -0.151007 -0.049852 -0.043874 -0.071802 0.167953 0.143173 0.100392 0.210356 0.226359 -0.114884 -0.006144 -0.019831 -0.137273 -0.151007 -0.049852 -0.043874 -0.071802 0.167953 0.143173 0.100392 0.210356 0.226359 -0.114884 
0.000000 -540.000000 -520.000000 -500.000000 -480.000000 -460.000000 -440.000000 -420.000000 -400.000000 -320.000000 -300.000000 -280.000000 -260.000000 -240.000000 -180.000000 -160.000000 -140.000000 -120.000000 -100.000000 -80.000000 -60.000000 -40.000000 40.000000 60.000000 80.000000 100.000000 120.000000 180.000000 200.000000 220.000000 240.000000 260.000000 280.000000 300.000000 320.000000 400.000000 420.000000 440.000000 460.000000 480.000000 540.000000 
0.000000 -0.344514 -0.094219 -0.008221 -0.001820 -0.047921 -0.018130 -0.018906 -0.163407 -0.108289 -0.052717 0.104215 0.220459 -0.255910 -0.344514 -0.094219 -0.008221 -0.001820 -0.047921 -0.018130 -0.018906 -0.163407 -0.108289 -0.052717 0.104215 0.220459 -0.255910 -0.344514 -0.094219 -0.008221 -0.001820 -0.047921 -0.018130 -0.018906 -0.163407 -0.108289 -0.052717 0.104215 0.220459 -0.255910 -0.344514 
0.000000 -540.000000 -520.000000 -500.000000 -480.000000 -460.000000 -440.000000 -420.000000 -400.000000 -320.000000 -300.000000 -280.000000 -260.000000 -240.000000 -180.000000 -160.000000 -140.000000 -120.000000 -100.000000 -80.000000 -60.000000 -40.000000 40.000000 60.000000 80.000000 100.000000 120.000000 180.000000 200.000000 220.000000 240.000000 260.000000 280.000000 300.000000 320.000000 400.000000 420.000000 440.000000 460.000000 480.000000 540.000000 
0.000000 -0.319932 -0.161483 -0.023863 -0.168333 -0.165645 -0.054853 -0.049623 -0.040979 0.107480 0.158257 0.117784 0.054896 0.039965 -0.319932 -0.161483 -0.023863 -0.168333 -0.165645 -0.054853 -0.049623 -0.040979 0.107480 0.158257 0.117784 0.054896 0.039965 -0.319932 -0.161483 -0.023863 -0.168333 -0.165645 -0.054853 -0.049623 -0.040979 0.107480 0.158257 0.117784 0.054896 0.039965 -0.319932 
0.000000 -540.000000 -520.000000 -500.000000 -480.000000 -460.000000 -440.000000 -420.000000 -400.000000 -320.000000 -300.000000 -280.000000 -260.000000 -240.000000 -180.000000 -160.000000 -140.000000 -120.000000 -100.000000 -80.000000 -60.000000 -40.000000 40.000000 60.000000 80.000000 100.000000 120.000000 180.000000 200.000000 220.000000 240.000000 260.000000 280.000000 300.000000 320.000000 400.000000 420.000000 440.000000 460.000000 480.000000 540.000000 
0.000000 -0.385504 -0.201182 -0.036724 -0.158696 -0.161953 -0.062548 -0.056111 -0.035864 0.081705 0.125468 0.116686 0.044599 -0.026760 -0.385504 -0.201182 -0.036724 -0.158696 -0.161953 -0.062548 -0.056111 -0.035864 0.081705 0.125468 0.116686 0.044599 -0.026760 -0.385504 -0.201182 -0.036724 -0.158696 -0.161953 -0.062548 -0.056111 -0.035864 0.081705 0.125468 0.116686 0.044599 -0.026760 -0.385504 
0.000000 -540.000000 -520.000000 -500.000000 -480.000000 -460.000000 -440.000000 -420.000000 -400.000000 -320.000000 -300.000000 -280.000000 -260.000000 -240.000000 -180.000000 -160.000000 -140.000000 -120.000000 -100.000000 -80.000000 -60.000000 -40.000000 40.000000 60.000000 80.000000 100.000000 120.000000 180.000000 200.000000 220.000000 240.000000 260.000000 280.000000 300.000000 320.000000 400.000000 420.000000 440.000000 460.000000 480.000000 540.000000 
0.000000 -0.267289 -0.124710 -0.018858 -0.164861 -0.164185 -0.052358 -0.047331 -0.049025 0.124050 0.167643 0.116909 0.082136 0.088759 -0.267289 -0.124710 -0.018858 -0.164861 -0.164185 -0.052358 -0.047331 -0.049025 0.124050 0.167643 0.116909 0.082136 0.088759 -0.267289 -0.124710 -0.018858 -0.164861 -0.164185 -0.052358 -0.047331 -0.049025 0.124050 0.167643 0.116909 0.082136 0.088759 -0.267289 
0.000000 -540.000000 -520.000000 -500.000000 -480.000000 -460.000000 -440.000000 -420.000000 -400.000000 -320.000000 -300.000000 -280.000000 -260.000000 -240.000000 -180.000000 -160.000000 -140.000000 -120.000000 -100.000000 -80.000000 -60.000000 -40.000000 40.000000 60.000000 80.000000 100.000000 120.000000 180.000000 200.000000 220.000000 240.000000 260.000000 280.000000 300.000000 320.000000 400.000000 420.000000 440.000000 460.000000 480.000000 540.000000 
0.000000 -0.288666 -0.140044 -0.020371 -0.167188 -0.165091 -0.052986 -0.047956 -0.045494 0.117520 0.165250 0.117416 0.069417 0.069134 -0.288666 -0.140044 -0.020371 -0.167188 -0.165091 -0.052986 -0.047956 -0.045494 0.117520 0.165250 0.117416 0.069417 0.069134 -0.288666 -0.140044 -0.020371 -0.167188 -0.165091 -0.052986 -0.047956 -0.045494 0.117520 0.165250 0.117416 0.069417 0.069134 -0.288666 
0.000000 -540.000000 -520.000000 -500.000000 -480.000000 -460.000000 -440.000000 -420.000000 -400.000000 -320.000000 -300.000000 -280.000000 -260.000000 -240.000000 -180.000000 -160.000000 -140.000000 -120.000000 -100.000000 -80.000000 -60.000000 -40.000000 40.000000 60.000000 80.000000 100.000000 120.000000 180.000000 200.000000 220.000000 240.000000 260.000000 280.000000 300.000000 320.000000 400.000000 420.000000 440.000000 460.000000 480.000000 540.000000 
0.000000 -0.355347 -0.109448 -0.017000 -0.012125 -0.057355 -0.025995 -0.025717 -0.150073 -0.093151 -0.049048 0.103242 0.209102 -0.243717 -0.355347 -0.109448 -0.017000 -0.012125 -0.057355 -0.025995 -0.025717 -0.150073 -0.093151 -0.049048 0.103242 0.209102 -0.243717 -0.355347 -0.109448 -0.017000 -0.012125 -0.057355 -0.025995 -0.025717 -0.150073 -0.093151 -0.049048 0.103242 0.209102 -0.243717 -0.355347 
0.000000 -540.000000 -520.000000 -500.000000 -480.000000 -460.000000 -440.000000 -420.000000 -400.000000 -320.000000 -300.000000 -280.000000 -260.000000 -240.000000 -180.000000 -160.000000 -140.000000 -120.000000 -100.000000 -80.000000 -60.000000 -40.000000 40.000000 60.000000 80.000000 100.000000 120.000000 180.000000 200.000000 220.000000 240.000000 260.000000 280.000000 300.000000 320.000000 400.000000 420.000000 440.000000 460.000000 480.000000 540.000000 
0.000000 -0.436370 -0.210727 -0.055901 -0.102954 -0.131952 -0.070521 -0.062676 -0.058359 0.021240 0.031836 0.109283 0.101491 -0.132074 -0.436370 -0.210727 -0.055901 -0.102954 -0.131952 -0.070521 -0.062676 -0.058359 0.021240 0.031836 0.109283 0.101491 -0.132074 -0.436370 -0.210727 -0.055901 -0.102954 -0.131952 -0.070521 -0.062676 -0.058359 0.021240 0.031836 0.109283 0.101491 -0.132074 -0.436370 
0.000000 -540.000000 -520.000000 -500.000000 -480.000000 -460.000000 -440.000000 -420.000000 -400.000000 -320.000000 -300.000000 -280.000000 -260.000000 -240.000000 -180.000000 -160.000000 -140.000000 -120.000000 -100.000000 -80.000000 -60.000000 -40.000000 40.000000 60.000000 80.000000 100.000000 120.000000 180.000000 200.000000 220.000000 240.000000 260.000000 280.000000 300.000000 320.000000 400.000000 420.000000 440.000000 460.000000 480.000000 540.000000 
0.000000 -0.366572 -0.190684 -0.032152 -0.163679 -0.163997 -0.059791 -0.053814 -0.036439 0.090264 0.138194 0.117334 0.044076 -0.006111 -0.366572 -0.190684 -0.032152 -0.163679 -0.163997 -0.059791 -0.053814 -0.036439 0.090264 0.138194 0.117334 0.044076 -0.006111 -0.366572 -0.190684 -0.032152 -0.163679 -0.163997 -0.059791 -0.053814 -0.036439 0.090264 0.138194 0.117334 0.044076 -0.006111 -0.366572 
0.000000 -540.000000 -520.000000 -500.000000 -480.000000 -460.000000 -440.000000 -420.000000 -400.000000 -320.000000 -300.000000 -280.000000 -260.000000 -240.000000 -180.000000 -160.000000 -140.000000 -120.000000 -100.000000 -80.000000 -60.000000 -40.000000 40.000000 60.000000 80.000000 100.000000 120.000000 180.000000 200.000000 220.000000 240.000000 260.000000 280.000000 300.000000 320.000000 400.000000 420.000000 440.000000 460.000000 480.000000 540.000000 
0.000000 -0.105212 -0.018670 -0.008618 -0.132182 -0.137299 -0.015905 -0.113900 -0.356866 0.171956 0.174062 1.541698 1.562906 -0.299962 -0.105212 -0.018670 -0.008618 -0.132182 -0.137299 -0.015905 -0.113900 -0.356866 0.171956 0.174062 1.541698 1.562906 -0.299962 -0.105212 -0.018670 -0.008618 -0.132182 -0.137299 -0.015905 -0.113900 -0.356866 0.171956 0.174062 1.541698 1.562906 -0.299962 -0.105212 
0.000000 -540.000000 -520.000000 -500.000000 -480.000000 -460.000000 -440.000000 -420.000000 -400.000000 -320.000000 -300.000000 -280.000000 -260.000000 -240.000000 -180.000000 -160.000000 -140.000000 -120.000000 -100.000000 -80.000000 -60.000000 -40.000000 40.000000 60.000000 80.000000 100.000000 120.000000 180.000000 200.000000 220.000000 240.000000 260.000000 280.000000 300.000000 320.000000 400.000000 420.000000 440.000000 460.000000 480.000000 540.000000 
0.000000 -0.309981 -0.101670 0.068059 0.031019 -0.044494 -0.031494 -0.065506 -0.204340 0.135395 0.194803 0.848610 1.205568 -0.360519 -0.309981 -0.101670 0.068059 0.031019 -0.044494 -0.031494 -0.065506 -0.204340 0.135395 0.194803 0.848610 1.205568 -0.360519 -0.309981 -0.101670 0.068059 0.031019 -0.044494 -0.031494 -0.065506 -0.204340 0.135395 0.194803 0.848610 1.205568 -0.360519 -0.309981 
0.000000 -540.000000 -520.000000 -500.000000 -480.000000 -460.000000 -440.000000 -420.000000 -400.000000 -320.000000 -300.000000 -280.000000 -260.000000 -240.000000 -180.000000 -160.000000 -140.000000 -120.000000 -100.000000 -80.000000 -60.000000 -40.000000 40.000000 60.000000 80.000000 100.000000 120.000000 180.000000 200.000000 220.000000 240.000000 260.000000 280.000000 300.000000 320.000000 400.000000 420.000000 440.000000 460.000000 480.000000 540.000000 
0.000000 -0.329841 -0.066746 0.009729 0.016809 -0.031112 -0.003375 -0.005739 -0.188541 -0.136641 -0.055318 0.107885 0.240096 -0.278145 -0.329841 -0.066746 0.009729 0.016809 -0.031112 -0.003375 -0.005739 -0.188541 -0.136641 -0.055318 0.107885 0.240096 -0.278145 -0.329841 -0.066746 0.009729 0.016809 -0.031112 -0.003375 -0.005739 -0.188541 -0.136641 -0.055318 0.107885 0.240096 -0.278145 -0.329841 
0.000000 -540.000000 -520.000000 -500.000000 -480.000000 -460.000000 -440.000000 -420.000000 -400.000000 -320.000000 -300.000000 -280.000000 -260.000000 -240.000000 -180.000000 -160.000000 -140.000000 -120.000000 -100.000000 -80.000000 -60.000000 -40.000000 40.000000 60.000000 80.000000 100.000000 120.000000 180.000000 200.000000 220.000000 240.000000 260.000000 280.000000 300.000000 320.000000 400.000000 420.000000 440.000000 460.000000 480.000000 540.000000 
0.000000 -0.335878 -0.029927 0.042852 0.044974 -0.008169 0.018484 0.015652 -0.228608 -0.182248 -0.044162 0.121712 0.266035 -0.313338 -0.335878 -0.029927 0.042852 0.044974 -0.008169 0.018484 0.015652 -0.228608 -0.182248 -0.044162 0.121712 0.266035 -0.313338 -0.335878 -0.029927 0.042852 0.044974 -0.008169 0.018484 0.015652 -0.228608 -0.182248 -0.044162 0.121712 0.266035 -0.313338 -0.335878 
0.000000 -540.000000 -520.000000 -500.000000 -480.000000 -460.000000 -440.000000 -420.000000 -400.000000 -320.000000 -300.000000 -280.000000 -260.000000 -240.000000 -180.000000 -160.000000 -140.000000 -120.000000 -100.000000 -80.000000 -60.000000 -40.000000 40.000000 60.000000 80.000000 100.000000 120.000000 180.000000 200.000000 220.000000 240.000000 260.000000 280.000000 300.000000 320.000000 400.000000 420.000000 440.000000 460.000000 480.000000 540.000000 
0.000000 -0.561416 -0.045147 0.112254 0.082378 -0.000702 0.028190 0.042273 -0.275370 -0.235470 0.069045 0.196640 0.311111 -0.376496 -0.561416 -0.045147 0.112254 0.082378 -0.000702 0.028190 0.042273 -0.275370 -0.235470 0.069045 0.196640 0.311111 -0.376496 -0.561416 -0.045147 0.112254 0.082378 -0.000702 0.028190 0.042273 -0.275370 -0.235470 0.069045 0.196640 0.311111 -0.376496 -0.561416 
0.000000 -540.000000 -520.000000 -500.000000 -480.000000 -460.000000 -440.000000 -420.000000 -400.000000 -320.000000 -300.000000 -280.000000 -260.000000 -240.000000 -180.000000 -160.000000 -140.000000 -120.000000 -100.000000 -80.000000 -60.000000 -40.000000 40.000000 60.000000 80.000000 100.000000 120.000000 180.000000 200.000000 220.000000 240.000000 260.000000 280.000000 300.000000 320.000000 400.000000 420.000000 440.000000 460.000000 480.000000 540.000000 
0.000000 -0.386917 -0.017450 0.070156 0.063082 0.001742 0.029314 0.029549 -0.254968 -0.213625 -0.016873 0.142688 0.278409 -0.338988 -0.386917 -0.017450 0.070156 0.063082 0.001742 0.029314 0.029549 -0.254968 -0.213625 -0.016873 0.142688 0.278409 -0.338988 -0.386917 -0.017450 0.070156 0.063082 0.001742 0.029314 0.029549 -0.254968 -0.213625 -0.016873 0.142688 0.278409 -0.338988 -0.386917 
0.000000 -540.000000 -520.000000 -500.000000 -480.000000 -460.000000 -440.000000 -420.000000 -400.000000 -320.000000 -300.000000 -280.000000 -260.000000 -240.000000 -180.000000 -160.000000 -140.000000 -120.000000 -100.000000 -80.000000 -60.000000 -40.000000 40.000000 60.000000 80.000000 100.000000 120.000000 180.000000 200.000000 220.000000 240.000000 260.000000 280.000000 300.000000 320.000000 400.000000 420.000000 440.000000 460.000000 480.000000 540.000000 
0.000000 -0.583027 -0.175565 0.097757 0.069574 -0.020988 -0.020595 0.008915 -0.183524 -0.036996 0.171859 0.302032 0.680005 -0.390635 -0.583027 -0.175565 0.097757 0.069574 -0.020988 -0.020595 0.008915 -0.183524 -0.036996 0.171859 0.302032 0.680005 -0.390635 -0.583027 -0.175565 0.097757 0.069574 -0.020988 -0.020595 0.008915 -0.183524 -0.036996 0.171859 0.302032 0.680005 -0.390635 -0.583027 
0.000000 -540.000000 -520.000000 -500.000000 -480.000000 -460.000000 -440.000000 -420.000000 -400.000000 -320.000000 -300.000000 -280.000000 -260.000000 -240.000000 -180.000000 -160.000000 -140.000000 -120.000000 -100.000000 -80.000000 -60.000000 -40.000000 40.000000 60.000000 80.000000 100.000000 120.000000 180.000000 200.000000 220.000000 240.000000 260.000000 280.000000 300.000000 320.000000 400.000000 420.000000 440.000000 460.000000 480.000000 540.000000 
0.000000 -0.436356 -0.214839 -0.055185 -0.112288 -0.137828 -0.071209 -0.063236 -0.052506 0.030837 0.044663 0.110472 0.090255 -0.119140 -0.436356 -0.214839 -0.055185 -0.112288 -0.137828 -0.071209 -0.063236 -0.052506 0.030837 0.044663 0.110472 0.090255 -0.119140 -0.436356 -0.214839 -0.055185 -0.112288 -0.137828 -0.071209 -0.063236 -0.052506 0.030837 0.044663 0.110472 0.090255 -0.119140 -0.436356 
0.000000 -540.000000 -520.000000 -500.000000 -480.000000 -460.000000 -440.000000 -420.000000 -400.000000 -320.000000 -300.000000 -280.000000 -260.000000 -240.000000 -180.000000 -160.000000 -140.000000 -120.000000 -100.000000 -80.000000 -60.000000 -40.000000 40.000000 60.000000 80.000000 100.000000 120.000000 180.000000 200.000000 220.000000 240.000000 260.000000 280.000000 300.000000 320.000000 400.000000 420.000000 440.000000 460.000000 480.000000 540.000000 
0.000000 0.191891 0.189764 -0.067578 0.154695 0.068344 -0.096683 -0.210204 -0.267656 1.080885 0.977037 0.061755 -0.181012 0.732417 0.191891 0.189764 -0.067578 0.154695 0.068344 -0.096683 -0.210204 -0.267656 1.080885 0.977037 0.061755 -0.181012 0.732417 0.191891 0.189764 -0.067578 0.154695 0.068344 -0.096683 -0.210204 -0.267656 1.080885 0.977037 0.061755 -0.181012 0.732417 0.191891 
0.000000 -540.000000 -520.000000 -500.000000 -480.000000 -460.000000 -440.000000 -420.000000 -400.000000 -320.000000 -300.000000 -280.000000 -260.000000 -240.000000 -180.000000 -160.000000 -140.000000 -120.000000 -100.000000 -80.000000 -60.000000 -40.000000 40.000000 60.000000 80.000000 100.000000 120.000000 180.000000 200.000000 220.000000 240.000000 260.000000 280.000000 300.000000 320.000000 400.000000 420.000000 440.000000 460.000000 480.000000 540.000000 
0.000000 -0.355217 -0.109276 -0.016904 -0.012008 -0.057248 -0.025907 -0.025642 -0.150223 -0.093321 -0.049097 0.103250 0.209233 -0.243855 -0.355217 -0.109276 -0.016904 -0.012008 -0.057248 -0.025907 -0.025642 -0.150223 -0.093321 -0.049097 0.103250 0.209233 -0.243855 -0.355217 -0.109276 -0.016904 -0.012008 -0.057248 -0.025907 -0.025642 -0.150223 -0.093321 -0.049097 0.103250 0.209233 -0.243855 -0.355217 
0.000000 -540.000000 -520.000000 -500.000000 -480.000000 -460.000000 -440.000000 -420.000000 -400.000000 -320.000000 -300.000000 -280.000000 -260.000000 -240.000000 -180.000000 -160.000000 -140.000000 -120.000000 -100.000000 -80.000000 -60.000000 -40.000000 40.000000 60.000000 80.000000 100.000000 120.000000 180.000000 200.000000 220.000000 240.000000 260.000000 280.000000 300.000000 320.000000 400.000000 420.000000 440.000000 460.000000 480.000000 540.000000 
0.000000 -0.360948 -0.187385 -0.030939 -0.164747 -0.164412 -0.059056 -0.053199 -0.036789 0.092571 0.141371 0.117466 0.044556 -0.000274 -0.360948 -0.187385 -0.030939 -0.164747 -0.164412 -0.059056 -0.053199 -0.036789 0.092571 0.141371 0.117466 0.044556 -0.000274 -0.360948 -0.187385 -0.030939 -0.164747 -0.164412 -0.059056 -0.053199 -0.036789 0.092571 0.141371 0.117466 0.044556 -0.000274 -0.360948 
0.000000 -540.000000 -520.000000 -500.000000 -480.000000 -460.000000 -440.000000 -420.000000 -400.000000 -320.000000 -300.000000 -280.000000 -260.000000 -240.000000 -180.000000 -160.000000 -140.000000 -120.000000 -100.000000 -80.000000 -60.000000 -40.000000 40.000000 60.000000 80.000000 100.000000 120.000000 180.000000 200.000000 220.000000 240.000000 260.000000 280.000000 300.000000 320.000000 400.000000 420.000000 440.000000 460.000000 480.000000 540.000000 
0.000000 -0.382976 -0.017651 0.068671 0.062208 0.001420 0.028916 0.028890 -0.253716 -0.212108 -0.018820 0.141301 0.277846 -0.337648 -0.382976 -0.017651 0.068671 0.062208 0.001420 0.028916 0.028890 -0.253716 -0.212108 -0.018820 0.141301 0.277846 -0.337648 -0.382976 -0.017651 0.068671 0.062208 0.001420 0.028916 0.028890 -0.253716 -0.212108 -0.018820 0.141301 0.277846 -0.337648 -0.382976 
0.000000 -540.000000 -520.000000 -500.000000 -480.000000 -460.000000 -440.000000 -420.000000 -400.000000 -320.000000 -300.000000 -280.000000 -260.000000 -240.000000 -180.000000 -160.000000 -140.000000 -120.000000 -100.000000 -80.000000 -60.000000 -40.000000 40.000000 60.000000 80.000000 100.000000 120.000000 180.000000 200.000000 220.000000 240.000000 260.000000 280.000000 300.000000 320.000000 400.000000 420.000000 440.000000 460.000000 480.000000 540.000000 
0.000000 -0.396053 -0.206515 -0.039634 -0.154744 -0.160235 -0.064273 -0.057539 -0.036093 0.076180 0.116667 0.116156 0.046641 -0.039237 -0.396053 -0.206515 -0.039634 -0.154744 -0.160235 -0.064273 -0.057539 -0.036093 0.076180 0.116667 0.116156 0.046641 -0.039237 -0.396053 -0.206515 -0.039634 -0.154744 -0.160235 -0.064273 -0.057539 -0.036093 0.076180 0.116667 0.116156 0.046641 -0.039237 -0.396053 
0.000000 -540.000000 -520.000000 -500.000000 -480.000000 -460.000000 -440.000000 -420.000000 -400.000000 -320.000000 -300.000000 -280.000000 -260.000000 -240.000000 -180.000000 -160.000000 -140.000000 -120.000000 -100.000000 -80.000000 -60.000000 -40.000000 40.000000 60.000000 80.000000 100.000000 120.000000 180.000000 200.000000 220.000000 240.000000 260.000000 280.000000 300.000000 320.000000 400.000000 420.000000 440.000000 460.000000 480.000000 540.000000 
0.000000 -0.462516 -0.022208 0.092424 0.074678 0.003513 0.032322 0.037972 -0.270477 -0.232256 0.019645 0.167165 0.288292 -0.358658 -0.462516 -0.022208 0.092424 0.074678 0.003513 0.032322 0.037972 -0.270477 -0.232256 0.019645 0.167165 0.288292 -0.358658 -0.462516 -0.022208 0.092424 0.074678 0.003513 0.032322 0.037972 -0.270477 -0.232256 0.019645 0.167165 0.288292 -0.358658 -0.462516 
0.000000 -540.000000 -520.000000 -500.000000 -480.000000 -460.000000 -440.000000 -420.000000 -400.000000 -320.000000 -300.000000 -280.000000 -260.000000 -240.000000 -180.000000 -160.000000 -140.000000 -120.000000 -100.000000 -80.000000 -60.000000 -40.000000 40.000000 60.000000 80.000000 100.000000 120.000000 180.000000 200.000000 220.000000 240.000000 260.000000 280.000000 300.000000 320.000000 400.000000 420.000000 440.000000 460.000000 480.000000 540.000000 
0.000000 -0.396840 -0.158850 -0.041121 -0.047784 -0.089399 -0.050074 -0.045972 -0.107726 -0.043830 -0.026895 0.103501 0.168036 -0.201333 -0.396840 -0.158850 -0.041121 -0.047784 -0.089399 -0.050074 -0.045972 -0.107726 -0.043830 -0.026895 0.103501 0.168036 -0.201333 -0.396840 -0.158850 -0.041121 -0.047784 -0.089399 -0.050074 -0.045972 -0.107726 -0.043830 -0.026895 0.103501 0.168036 -0.201333 -0.396840 
0.000000 -540.000000 -520.000000 -500.000000 -480.000000 -460.000000 -440.000000 -420.000000 -400.000000 -320.000000 -300.000000 -280.000000 -260.000000 -240.000000 -180.000000 -160.000000 -140.000000 -120.000000 -100.000000 -80.000000 -60.000000 -40.000000 40.000000 60.000000 80.000000 100.000000 120.000000 180.000000 200.000000 220.000000 240.000000 260.000000 280.000000 300.000000 320.000000 400.000000 420.000000 440.000000 460.000000 480.000000 540.000000 
0.000000 -0.257796 -0.117749 -0.018392 -0.163499 -0.163671 -0.052222 -0.047166 -0.050672 0.126893 0.168150 0.116608 0.088422 0.097428 -0.257796 -0.117749 -0.018392 -0.163499 -0.163671 -0.052222 -0.047166 -0.050672 0.126893 0.168150 0.116608 0.088422 0.097428 -0.257796 -0.117749 -0.018392 -0.163499 -0.163671 -0.052222 -0.047166 -0.050672 0.126893 0.168150 0.116608 0.088422 0.097428 -0.257796 
0.000000 -540.000000 -520.000000 -500.000000 -480.000000 -460.000000 -440.000000 -420.000000 -400.000000 -320.000000 -300.000000 -280.000000 -260.000000 -240.000000 -180.000000 -160.000000 -140.000000 -120.000000 -100.000000 -80.000000 -60.000000 -40.000000 40.000000 60.000000 80.000000 100.000000 120.000000 180.000000 200.000000 220.000000 240.000000 260.000000 280.000000 300.000000 320.000000 400.000000 420.000000 440.000000 460.000000 480.000000 540.000000 
0.000000 -0.327723 -0.166619 -0.024980 -0.168145 -0.165610 -0.055497 -0.050180 -0.040004 0.104841 0.155791 0.117800 0.052107 0.032549 -0.327723 -0.166619 -0.024980 -0.168145 -0.165610 -0.055497 -0.050180 -0.040004 0.104841 0.155791 0.117800 0.052107 0.032549 -0.327723 -0.166619 -0.024980 -0.168145 -0.165610 -0.055497 -0.050180 -0.040004 0.104841 0.155791 0.117800 0.052107 0.032549 -0.327723 
0.000000 -540.000000 -520.000000 -500.000000 -480.000000 -460.000000 -440.000000 -420.000000 -400.000000 -320.000000 -300.000000 -280.000000 -260.000000 -240.000000 -180.000000 -160.000000 -140.000000 -120.000000 -100.000000 -80.000000 -60.000000 -40.000000 40.000000 60.000000 80.000000 100.000000 120.000000 180.000000 200.000000 220.000000 240.000000 260.000000 280.000000 300.000000 320.000000 400.000000 420.000000 440.000000 460.000000 480.000000 540.000000 
0.000000 -0.192423 -0.067955 -0.017594 -0.151371 -0.158773 -0.052085 -0.046578 -0.061950 0.145900 0.163749 0.112444 0.139333 0.156644 -0.192423 -0.067955 -0.017594 -0.151371 -0.158773 -0.052085 -0.046578 -0.061950 0.145900 0.163749 0.112444 0.139333 0.156644 -0.192423 -0.067955 -0.017594 -0.151371 -0.158773 -0.052085 -0.046578 -0.061950 0.145900 0.163749 0.112444 0.139333 0.156644 -0.192423 
0.000000 -540.000000 -520.000000 -500.000000 -480.000000 -460.000000 -440.000000 -420.000000 -400.000000 -320.000000 -300.000000 -280.000000 -260.000000 -240.000000 -180.000000 -160.000000 -140.000000 -120.000000 -100.000000 -80.000000 -60.000000 -40.000000 40.000000 60.000000 80.000000 100.000000 120.000000 180.000000 200.000000 220.000000 240.000000 260.000000 280.000000 300.000000 320.000000 400.000000 420.000000 440.000000 460.000000 480.000000 540.000000 
0.000000 -0.364784 -0.121499 -0.023475 -0.020408 -0.064927 -0.032076 -0.030909 -0.139686 -0.081266 -0.045134 0.102867 0.199781 -0.233926 -0.364784 -0.121499 -0.023475 -0.020408 -0.064927 -0.032076 -0.030909 -0.139686 -0.081266 -0.045134 0.102867 0.199781 -0.233926 -0.364784 -0.121499 -0.023475 -0.020408 -0.064927 -0.032076 -0.030909 -0.139686 -0.081266 -0.045134 0.102867 0.199781 -0.233926 -0.364784 
0.000000 -540.000000 -520.000000 -500.000000 -480.000000 -460.000000 -440.000000 -420.000000 -400.000000 -320.000000 -300.000000 -280.000000 -260.000000 -240.000000 -180.000000 -160.000000 -140.000000 -120.000000 -100.000000 -80.000000 -60.000000 -40.000000 40.000000 60.000000 80.000000 100.000000 120.000000 180.000000 200.000000 220.000000 240.000000 260.000000 280.000000 300.000000 320.000000 400.000000 420.000000 440.000000 460.000000 480.000000 540.000000 
0.000000 -0.433208 -0.217574 -0.053183 -0.123276 -0.144291 -0.071032 -0.063091 -0.046550 0.041932 0.060894 0.111908 0.077364 -0.102760 -0.433208 -0.217574 -0.053183 -0.123276 -0.144291 -0.071032 -0.063091 -0.046550 0.041932 0.060894 0.111908 0.077364 -0.102760 -0.433208 -0.217574 -0.053183 -0.123276 -0.144291 -0.071032 -0.063091 -0.046550 0.041932 0.060894 0.111908 0.077364 -0.102760 -0.433208 
0.000000 -540.000000 -520.000000 -500.000000 -480.000000 -460.000000 -440.000000 -420.000000 -400.000000 -320.000000 -300.000000 -280.000000 -260.000000 -240.000000 -180.000000 -160.000000 -140.000000 -120.000000 -100.000000 -80.000000 -60.000000 -40.000000 40.000000 60.000000 80.000000 100.000000 120.000000 180.000000 200.000000 220.000000 240.000000 260.000000 280.000000 300.000000 320.000000 400.000000 420.000000 440.000000 460.000000 480.000000 540.000000 
0.000000 -0.217693 -0.087531 -0.017491 -0.156388 -0.160903 -0.052114 -0.046809 -0.057724 0.138641 0.166974 0.114567 0.118331 0.133833 -0.217693 -0.087531 -0.017491 -0.156388 -0.160903 -0.052114 -0.046809 -0.057724 0.138641 0.166974 0.114567 0.118331 0.133833 -0.217693 -0.087531 -0.017491 -0.156388 -0.160903 -0.052114 -0.046809 -0.057724 0.138641 0.166974 0.114567 0.118331 0.133833 -0.217693 
0.000000 -540.000000 -520.000000 -500.000000 -480.000000 -460.000000 -440.000000 -420.000000 -400.000000 -320.000000 -300.000000 -280.000000 -260.000000 -240.000000 -180.000000 -160.000000 -140.000000 -120.000000 -100.000000 -80.000000 -60.000000 -40.000000 40.000000 60.000000 80.000000 100.000000 120.000000 180.000000 200.000000 220.000000 240.000000 260.000000 280.000000 300.000000 320.000000 400.000000 420.000000 440.000000 460.000000 480.000000 540.000000 
0.000000 -0.596738 -0.172250 0.100586 0.071419 -0.020035 -0.018206 0.012574 -0.188349 -0.051930 0.169788 0.286697 0.649032 -0.391637 -0.596738 -0.172250 0.100586 0.071419 -0.020035 -0.018206 0.012574 -0.188349 -0.051930 0.169788 0.286697 0.649032 -0.391637 -0.596738 -0.172250 0.100586 0.071419 -0.020035 -0.018206 0.012574 -0.188349 -0.051930 0.169788 0.286697 0.649032 -0.391637 -0.596738 
0.000000 -540.000000 -520.000000 -500.000000 -480.000000 -460.000000 -440.000000 -420.000000 -400.000000 -320.000000 -300.000000 -280.000000 -260.000000 -240.000000 -180.000000 -160.000000 -140.000000 -120.000000 -100.000000 -80.000000 -60.000000 -40.000000 40.000000 60.000000 80.000000 100.000000 120.000000 180.000000 200.000000 220.000000 240.000000 260.000000 280.000000 300.000000 320.000000 400.000000 420.000000 440.000000 460.000000 480.000000 540.000000 
0.000000 -0.326968 -0.043635 0.028300 0.033472 -0.016915 0.009862 0.006774 -0.211994 -0.163166 -0.051701 0.114330 0.256221 -0.298579 -0.326968 -0.043635 0.028300 0.033472 -0.016915 0.009862 0.006774 -0.211994 -0.163166 -0.051701 0.114330 0.256221 -0.298579 -0.326968 -0.043635 0.028300 0.033472 -0.016915 0.009862 0.006774 -0.211994 -0.163166 -0.051701 0.114330 0.256221 -0.298579 -0.326968 
0.000000 -540.000000 -520.000000 -500.000000 -480.000000 -460.000000 -440.000000 -420.000000 -400.000000 -320.000000 -300.000000 -280.000000 -260.000000 -240.000000 -180.000000 -160.000000 -140.000000 -120.000000 -100.000000 -80.000000 -60.000000 -40.000000 40.000000 60.000000 80.000000 100.000000 120.000000 180.000000 200.000000 220.000000 240.000000 260.000000 280.000000 300.000000 320.000000 400.000000 420.000000 440.000000 460.000000 480.000000 540.000000 
0.000000 -0.363927 -0.120436 -0.022920 -0.019671 -0.064254 -0.031545 -0.030458 -0.140598 -0.082314 -0.045515 0.102887 0.200617 -0.234797 -0.363927 -0.120436 -0.022920 -0.019671 -0.064254 -0.031545 -0.030458 -0.140598 -0.082314 -0.045515 0.102887 0.200617 -0.234797 -0.363927 -0.120436 -0.022920 -0.019671 -0.064254 -0.031545 -0.030458 -0.140598 -0.082314 -0.045515 0.102887 0.200617 -0.234797 -0.363927 
0.000000 -540.000000 -520.000000 -500.000000 -480.000000 -460.000000 -440.000000 -420.000000 -400.000000 -320.000000 -300.000000 -280.000000 -260.000000 -240.000000 -180.000000 -160.000000 -140.000000 -120.000000 -100.000000 -80.000000 -60.000000 -40.000000 40.000000 60.000000 80.000000 100.000000 120.000000 180.000000 200.000000 220.000000 240.000000 260.000000 280.000000 300.000000 320.000000 400.000000 420.000000 440.000000 460.000000 480.000000 540.000000 
0.000000 -0.417169 -0.215348 -0.046452 -0.142642 -0.154554 -0.068097 -0.060688 -0.038714 0.061929 0.093064 0.114510 0.056600 -0.068394 -0.417169 -0.215348 -0.046452 -0.142642 -0.154554 -0.068097 -0.060688 -0.038714 0.061929 0.093064 0.114510 0.056600 -0.068394 -0.417169 -0.215348 -0.046452 -0.142642 -0.154554 -0.068097 -0.060688 -0.038714 0.061929 0.093064 0.114510 0.056600 -0.068394 -0.417169 
0.000000 -540.000000 -520.000000 -500.000000 -480.000000 -460.000000 -440.000000 -420.000000 -400.000000 -320.000000 -300.000000 -280.000000 -260.000000 -240.000000 -180.000000 -160.000000 -140.000000 -120.000000 -100.000000 -80.000000 -60.000000 -40.000000 40.000000 60.000000 80.000000 100.000000 120.000000 180.000000 200.000000 220.000000 240.000000 260.000000 280.000000 300.000000 320.000000 400.000000 420.000000 440.000000 460.000000 480.000000 540.000000 
0.000000 -0.327909 -0.060701 0.014174 0.021014 -0.027421 -0.000007 -0.002636 -0.194381 -0.143225 -0.055031 0.109164 0.244323 -0.283233 -0.327909 -0.060701 0.014174 0.021014 -0.027421 -0.000007 -0.002636 -0.194381 -0.143225 -0.055031 0.109164 0.244323 -0.283233 -0.327909 -0.060701 0.014174 0.021014 -0.027421 -0.000007 -0.002636 -0.194381 -0.143225 -0.055031 0.109164 0.244323 -0.283233 -0.327909 
0.000000 -540.000000 -520.000000 -500.000000 -480.000000 -460.000000 -440.000000 -420.000000 -400.000000 -320.000000 -300.000000 -280.000000 -260.000000 -240.000000 -180.000000 -160.000000 -140.000000 -120.000000 -100.000000 -80.000000 -60.000000 -40.000000 40.000000 60.000000 80.000000 100.000000 120.000000 180.000000 200.000000 220.000000 240.000000 260.000000 280.000000 300.000000 320.000000 400.000000 420.000000 440.000000 460.000000 480.000000 540.000000 
0.000000 -0.518441 -0.032952 0.104571 0.079745 0.001776 0.030954 0.041134 -0.275172 -0.236986 0.047002 0.183993 0.298579 -0.369367 -0.518441 -0.032952 0.104571 0.079745 0.001776 0.030954 0.041134 -0.275172 -0.236986 0.047002 0.183993 0.298579 -0.369367 -0.518441 -0.032952 0.104571 0.079745 0.001776 0.030954 0.041134 -0.275172 -0.236986 0.047002 0.183993 0.298579 -0.369367 -0.518441 
